

@config file : refs/simu_populations/example_simu_populations.params

time            S0         S1          T1
0.000e+00	1.000e+00	0.000e+00	0.000e+00
5.003e-10	9.997e-01	3.269e-04	9.092e-06
1.001e-09	9.994e-01	5.342e-04	3.253e-05
1.501e-09	9.993e-01	6.634e-04	6.555e-05
2.001e-09	9.992e-01	7.420e-04	1.047e-04
2.501e-09	9.991e-01	7.883e-04	1.476e-04
3.002e-09	9.990e-01	8.139e-04	1.926e-04
3.502e-09	9.989e-01	8.267e-04	2.389e-04
4.002e-09	9.989e-01	8.313e-04	2.856e-04
4.502e-09	9.988e-01	8.310e-04	3.325e-04
5.003e-09	9.988e-01	8.277e-04	3.793e-04
5.503e-09	9.988e-01	8.226e-04	4.257e-04
6.003e-09	9.987e-01	8.165e-04	4.718e-04
6.503e-09	9.987e-01	8.098e-04	5.175e-04
7.004e-09	9.986e-01	8.030e-04	5.628e-04
7.504e-09	9.986e-01	7.960e-04	6.077e-04
8.004e-09	9.986e-01	7.891e-04	6.521e-04
8.504e-09	9.985e-01	7.823e-04	6.960e-04
9.005e-09	9.985e-01	7.757e-04	7.396e-04
9.505e-09	9.984e-01	7.692e-04	7.827e-04
1.001e-08	9.984e-01	7.628e-04	8.254e-04
1.051e-08	9.984e-01	7.566e-04	8.678e-04
1.101e-08	9.983e-01	7.505e-04	9.097e-04
1.151e-08	9.983e-01	7.446e-04	9.513e-04
1.201e-08	9.983e-01	7.388e-04	9.925e-04
1.251e-08	9.982e-01	7.332e-04	1.033e-03
1.301e-08	9.982e-01	7.277e-04	1.074e-03
1.351e-08	9.982e-01	7.223e-04	1.114e-03
1.401e-08	9.981e-01	7.170e-04	1.154e-03
1.451e-08	9.981e-01	7.119e-04	1.193e-03
1.501e-08	9.981e-01	7.069e-04	1.232e-03
1.551e-08	9.980e-01	7.020e-04	1.271e-03
1.601e-08	9.980e-01	6.972e-04	1.310e-03
1.651e-08	9.980e-01	6.925e-04	1.348e-03
1.701e-08	9.979e-01	6.879e-04	1.386e-03
1.751e-08	9.979e-01	6.834e-04	1.423e-03
1.801e-08	9.979e-01	6.790e-04	1.461e-03
1.851e-08	9.978e-01	6.747e-04	1.498e-03
1.901e-08	9.978e-01	6.704e-04	1.535e-03
1.951e-08	9.978e-01	6.663e-04	1.571e-03
2.001e-08	9.977e-01	6.622e-04	1.608e-03
2.051e-08	9.977e-01	6.582e-04	1.644e-03
2.101e-08	9.977e-01	6.543e-04	1.679e-03
2.151e-08	9.976e-01	6.505e-04	1.715e-03
2.201e-08	9.976e-01	6.467e-04	1.750e-03
2.251e-08	9.976e-01	6.430e-04	1.785e-03
2.301e-08	9.975e-01	6.394e-04	1.820e-03
2.351e-08	9.975e-01	6.358e-04	1.855e-03
2.401e-08	9.975e-01	6.323e-04	1.889e-03
2.451e-08	9.974e-01	6.289e-04	1.923e-03
2.501e-08	9.974e-01	6.255e-04	1.957e-03
2.551e-08	9.974e-01	6.222e-04	1.991e-03
2.601e-08	9.974e-01	6.189e-04	2.024e-03
2.651e-08	9.973e-01	6.157e-04	2.057e-03
2.701e-08	9.973e-01	6.125e-04	2.090e-03
2.751e-08	9.973e-01	6.094e-04	2.123e-03
2.801e-08	9.972e-01	6.063e-04	2.156e-03
2.851e-08	9.972e-01	6.033e-04	2.188e-03
2.901e-08	9.972e-01	6.004e-04	2.221e-03
2.951e-08	9.971e-01	5.975e-04	2.253e-03
3.002e-08	9.971e-01	5.946e-04	2.285e-03
3.052e-08	9.971e-01	5.918e-04	2.316e-03
3.102e-08	9.971e-01	5.890e-04	2.348e-03
3.152e-08	9.970e-01	5.862e-04	2.379e-03
3.202e-08	9.970e-01	5.835e-04	2.410e-03
3.252e-08	9.970e-01	5.809e-04	2.441e-03
3.302e-08	9.969e-01	5.782e-04	2.472e-03
3.352e-08	9.969e-01	5.757e-04	2.503e-03
3.402e-08	9.969e-01	5.731e-04	2.533e-03
3.452e-08	9.969e-01	5.706e-04	2.563e-03
3.502e-08	9.968e-01	5.681e-04	2.593e-03
3.552e-08	9.968e-01	5.657e-04	2.623e-03
3.602e-08	9.968e-01	5.633e-04	2.653e-03
3.652e-08	9.968e-01	5.609e-04	2.683e-03
3.702e-08	9.967e-01	5.586e-04	2.712e-03
3.752e-08	9.967e-01	5.563e-04	2.741e-03
3.802e-08	9.967e-01	5.540e-04	2.771e-03
3.852e-08	9.966e-01	5.517e-04	2.800e-03
3.902e-08	9.966e-01	5.495e-04	2.828e-03
3.952e-08	9.966e-01	5.473e-04	2.857e-03
4.002e-08	9.966e-01	5.452e-04	2.886e-03
4.052e-08	9.965e-01	5.431e-04	2.914e-03
4.102e-08	9.965e-01	5.409e-04	2.942e-03
4.152e-08	9.965e-01	5.389e-04	2.971e-03
4.202e-08	9.965e-01	5.368e-04	2.999e-03
4.252e-08	9.964e-01	5.348e-04	3.026e-03
4.302e-08	9.964e-01	5.328e-04	3.054e-03
4.352e-08	9.964e-01	5.308e-04	3.082e-03
4.402e-08	9.964e-01	5.289e-04	3.109e-03
4.452e-08	9.963e-01	5.269e-04	3.136e-03
4.502e-08	9.963e-01	5.250e-04	3.163e-03
4.552e-08	9.963e-01	5.232e-04	3.190e-03
4.602e-08	9.963e-01	5.213e-04	3.217e-03
4.652e-08	9.962e-01	5.195e-04	3.244e-03
4.702e-08	9.962e-01	5.177e-04	3.271e-03
4.752e-08	9.962e-01	5.159e-04	3.297e-03
4.802e-08	9.962e-01	5.141e-04	3.324e-03
4.852e-08	9.961e-01	5.123e-04	3.350e-03
4.902e-08	9.961e-01	5.106e-04	3.376e-03
4.952e-08	9.961e-01	5.089e-04	3.402e-03
5.003e-08	9.961e-01	5.072e-04	3.428e-03
5.053e-08	9.960e-01	5.055e-04	3.454e-03
5.103e-08	9.960e-01	5.039e-04	3.479e-03
5.153e-08	9.960e-01	5.022e-04	3.505e-03
5.203e-08	9.960e-01	5.006e-04	3.530e-03
5.253e-08	9.959e-01	4.990e-04	3.556e-03
5.303e-08	9.959e-01	4.974e-04	3.581e-03
5.353e-08	9.959e-01	4.959e-04	3.606e-03
5.403e-08	9.959e-01	4.943e-04	3.631e-03
5.453e-08	9.959e-01	4.928e-04	3.656e-03
5.503e-08	9.958e-01	4.913e-04	3.680e-03
5.553e-08	9.958e-01	4.898e-04	3.705e-03
5.603e-08	9.958e-01	4.883e-04	3.730e-03
5.653e-08	9.958e-01	4.868e-04	3.754e-03
5.703e-08	9.957e-01	4.854e-04	3.778e-03
5.753e-08	9.957e-01	4.839e-04	3.803e-03
5.803e-08	9.957e-01	4.825e-04	3.827e-03
5.853e-08	9.957e-01	4.811e-04	3.851e-03
5.903e-08	9.956e-01	4.797e-04	3.875e-03
5.953e-08	9.956e-01	4.783e-04	3.898e-03
6.003e-08	9.956e-01	4.769e-04	3.922e-03
6.053e-08	9.956e-01	4.756e-04	3.946e-03
6.103e-08	9.956e-01	4.742e-04	3.969e-03
6.153e-08	9.955e-01	4.729e-04	3.992e-03
6.203e-08	9.955e-01	4.716e-04	4.016e-03
6.253e-08	9.955e-01	4.703e-04	4.039e-03
6.303e-08	9.955e-01	4.690e-04	4.062e-03
6.353e-08	9.954e-01	4.677e-04	4.085e-03
6.403e-08	9.954e-01	4.665e-04	4.108e-03
6.453e-08	9.954e-01	4.652e-04	4.131e-03
6.503e-08	9.954e-01	4.640e-04	4.153e-03
6.553e-08	9.954e-01	4.627e-04	4.176e-03
6.603e-08	9.953e-01	4.615e-04	4.198e-03
6.653e-08	9.953e-01	4.603e-04	4.221e-03
6.703e-08	9.953e-01	4.591e-04	4.243e-03
6.753e-08	9.953e-01	4.579e-04	4.265e-03
6.803e-08	9.953e-01	4.568e-04	4.287e-03
6.853e-08	9.952e-01	4.556e-04	4.310e-03
6.903e-08	9.952e-01	4.545e-04	4.331e-03
6.953e-08	9.952e-01	4.533e-04	4.353e-03
7.004e-08	9.952e-01	4.522e-04	4.375e-03
7.054e-08	9.952e-01	4.511e-04	4.397e-03
7.104e-08	9.951e-01	4.500e-04	4.418e-03
7.154e-08	9.951e-01	4.489e-04	4.440e-03
7.204e-08	9.951e-01	4.478e-04	4.461e-03
7.254e-08	9.951e-01	4.467e-04	4.483e-03
7.304e-08	9.951e-01	4.456e-04	4.504e-03
7.354e-08	9.950e-01	4.446e-04	4.525e-03
7.404e-08	9.950e-01	4.435e-04	4.546e-03
7.454e-08	9.950e-01	4.425e-04	4.567e-03
7.504e-08	9.950e-01	4.414e-04	4.588e-03
7.554e-08	9.950e-01	4.404e-04	4.609e-03
7.604e-08	9.949e-01	4.394e-04	4.630e-03
7.654e-08	9.949e-01	4.384e-04	4.650e-03
7.704e-08	9.949e-01	4.374e-04	4.671e-03
7.754e-08	9.949e-01	4.364e-04	4.691e-03
7.804e-08	9.949e-01	4.354e-04	4.712e-03
7.854e-08	9.948e-01	4.344e-04	4.732e-03
7.904e-08	9.948e-01	4.335e-04	4.752e-03
7.954e-08	9.948e-01	4.325e-04	4.773e-03
8.004e-08	9.948e-01	4.315e-04	4.793e-03
8.054e-08	9.948e-01	4.306e-04	4.813e-03
8.104e-08	9.947e-01	4.297e-04	4.833e-03
8.154e-08	9.947e-01	4.287e-04	4.853e-03
8.204e-08	9.947e-01	4.278e-04	4.872e-03
8.254e-08	9.947e-01	4.269e-04	4.892e-03
8.304e-08	9.947e-01	4.260e-04	4.912e-03
8.354e-08	9.946e-01	4.251e-04	4.931e-03
8.404e-08	9.946e-01	4.242e-04	4.951e-03
8.454e-08	9.946e-01	4.233e-04	4.970e-03
8.504e-08	9.946e-01	4.225e-04	4.990e-03
8.554e-08	9.946e-01	4.216e-04	5.009e-03
8.604e-08	9.946e-01	4.207e-04	5.028e-03
8.654e-08	9.945e-01	4.199e-04	5.047e-03
8.704e-08	9.945e-01	4.190e-04	5.066e-03
8.754e-08	9.945e-01	4.182e-04	5.085e-03
8.804e-08	9.945e-01	4.173e-04	5.104e-03
8.854e-08	9.945e-01	4.165e-04	5.123e-03
8.904e-08	9.944e-01	4.157e-04	5.142e-03
8.954e-08	9.944e-01	4.149e-04	5.160e-03
9.005e-08	9.944e-01	4.141e-04	5.179e-03
9.055e-08	9.944e-01	4.133e-04	5.198e-03
9.105e-08	9.944e-01	4.125e-04	5.216e-03
9.155e-08	9.944e-01	4.117e-04	5.235e-03
9.205e-08	9.943e-01	4.109e-04	5.253e-03
9.255e-08	9.943e-01	4.101e-04	5.271e-03
9.305e-08	9.943e-01	4.093e-04	5.289e-03
9.355e-08	9.943e-01	4.086e-04	5.307e-03
9.405e-08	9.943e-01	4.078e-04	5.326e-03
9.455e-08	9.942e-01	4.071e-04	5.344e-03
9.505e-08	9.942e-01	4.063e-04	5.362e-03
9.555e-08	9.942e-01	4.056e-04	5.379e-03
9.605e-08	9.942e-01	4.048e-04	5.397e-03
9.655e-08	9.942e-01	4.041e-04	5.415e-03
9.705e-08	9.942e-01	4.034e-04	5.433e-03
9.755e-08	9.941e-01	4.026e-04	5.450e-03
9.805e-08	9.941e-01	4.019e-04	5.468e-03
9.855e-08	9.941e-01	4.012e-04	5.485e-03
9.905e-08	9.941e-01	4.005e-04	5.503e-03
9.955e-08	9.941e-01	3.998e-04	5.520e-03
1.001e-07	9.941e-01	3.991e-04	5.537e-03
1.006e-07	9.940e-01	3.984e-04	5.555e-03
1.011e-07	9.940e-01	3.977e-04	5.572e-03
1.016e-07	9.940e-01	3.970e-04	5.589e-03
1.021e-07	9.940e-01	3.963e-04	5.606e-03
1.026e-07	9.940e-01	3.957e-04	5.623e-03
1.031e-07	9.940e-01	3.950e-04	5.640e-03
1.036e-07	9.939e-01	3.943e-04	5.657e-03
1.041e-07	9.939e-01	3.937e-04	5.673e-03
1.046e-07	9.939e-01	3.930e-04	5.690e-03
1.051e-07	9.939e-01	3.924e-04	5.707e-03
1.056e-07	9.939e-01	3.917e-04	5.723e-03
1.061e-07	9.939e-01	3.911e-04	5.740e-03
1.066e-07	9.939e-01	3.904e-04	5.756e-03
1.071e-07	9.938e-01	3.898e-04	5.773e-03
1.076e-07	9.938e-01	3.892e-04	5.789e-03
1.081e-07	9.938e-01	3.886e-04	5.805e-03
1.086e-07	9.938e-01	3.879e-04	5.822e-03
1.091e-07	9.938e-01	3.873e-04	5.838e-03
1.096e-07	9.938e-01	3.867e-04	5.854e-03
1.101e-07	9.937e-01	3.861e-04	5.870e-03
1.106e-07	9.937e-01	3.855e-04	5.886e-03
1.111e-07	9.937e-01	3.849e-04	5.902e-03
1.116e-07	9.937e-01	3.843e-04	5.918e-03
1.121e-07	9.937e-01	3.837e-04	5.934e-03
1.126e-07	9.937e-01	3.831e-04	5.950e-03
1.131e-07	9.937e-01	3.825e-04	5.965e-03
1.136e-07	9.936e-01	3.820e-04	5.981e-03
1.141e-07	9.936e-01	3.814e-04	5.997e-03
1.146e-07	9.936e-01	3.808e-04	6.012e-03
1.151e-07	9.936e-01	3.803e-04	6.028e-03
1.156e-07	9.936e-01	3.797e-04	6.043e-03
1.161e-07	9.936e-01	3.791e-04	6.059e-03
1.166e-07	9.935e-01	3.786e-04	6.074e-03
1.171e-07	9.935e-01	3.780e-04	6.089e-03
1.176e-07	9.935e-01	3.775e-04	6.104e-03
1.181e-07	9.935e-01	3.769e-04	6.120e-03
1.186e-07	9.935e-01	3.764e-04	6.135e-03
1.191e-07	9.935e-01	3.758e-04	6.150e-03
1.196e-07	9.935e-01	3.753e-04	6.165e-03
1.201e-07	9.934e-01	3.748e-04	6.180e-03
1.206e-07	9.934e-01	3.742e-04	6.195e-03
1.211e-07	9.934e-01	3.737e-04	6.209e-03
1.216e-07	9.934e-01	3.732e-04	6.224e-03
1.221e-07	9.934e-01	3.727e-04	6.239e-03
1.226e-07	9.934e-01	3.722e-04	6.254e-03
1.231e-07	9.934e-01	3.716e-04	6.268e-03
1.236e-07	9.933e-01	3.711e-04	6.283e-03
1.241e-07	9.933e-01	3.706e-04	6.298e-03
1.246e-07	9.933e-01	3.701e-04	6.312e-03
1.251e-07	9.933e-01	3.696e-04	6.326e-03
1.256e-07	9.933e-01	3.691e-04	6.341e-03
1.261e-07	9.933e-01	3.686e-04	6.355e-03
1.266e-07	9.933e-01	3.681e-04	6.369e-03
1.271e-07	9.932e-01	3.677e-04	6.384e-03
1.276e-07	9.932e-01	3.672e-04	6.398e-03
1.281e-07	9.932e-01	3.667e-04	6.412e-03
1.286e-07	9.932e-01	3.662e-04	6.426e-03
1.291e-07	9.932e-01	3.657e-04	6.440e-03
1.296e-07	9.932e-01	3.653e-04	6.454e-03
1.301e-07	9.932e-01	3.648e-04	6.468e-03
1.306e-07	9.932e-01	3.643e-04	6.482e-03
1.311e-07	9.931e-01	3.639e-04	6.496e-03
1.316e-07	9.931e-01	3.634e-04	6.510e-03
1.321e-07	9.931e-01	3.629e-04	6.523e-03
1.326e-07	9.931e-01	3.625e-04	6.537e-03
1.331e-07	9.931e-01	3.620e-04	6.551e-03
1.336e-07	9.931e-01	3.616e-04	6.564e-03
1.341e-07	9.931e-01	3.611e-04	6.578e-03
1.346e-07	9.930e-01	3.607e-04	6.591e-03
1.351e-07	9.930e-01	3.603e-04	6.605e-03
1.356e-07	9.930e-01	3.598e-04	6.618e-03
1.361e-07	9.930e-01	3.594e-04	6.632e-03
1.366e-07	9.930e-01	3.589e-04	6.645e-03
1.371e-07	9.930e-01	3.585e-04	6.658e-03
1.376e-07	9.930e-01	3.581e-04	6.671e-03
1.381e-07	9.930e-01	3.577e-04	6.684e-03
1.386e-07	9.929e-01	3.572e-04	6.698e-03
1.391e-07	9.929e-01	3.568e-04	6.711e-03
1.396e-07	9.929e-01	3.564e-04	6.724e-03
1.401e-07	9.929e-01	3.560e-04	6.737e-03
1.406e-07	9.929e-01	3.556e-04	6.750e-03
1.411e-07	9.929e-01	3.551e-04	6.763e-03
1.416e-07	9.929e-01	3.547e-04	6.775e-03
1.421e-07	9.929e-01	3.543e-04	6.788e-03
1.426e-07	9.928e-01	3.539e-04	6.801e-03
1.431e-07	9.928e-01	3.535e-04	6.814e-03
1.436e-07	9.928e-01	3.531e-04	6.826e-03
1.441e-07	9.928e-01	3.527e-04	6.839e-03
1.446e-07	9.928e-01	3.523e-04	6.852e-03
1.451e-07	9.928e-01	3.519e-04	6.864e-03
1.456e-07	9.928e-01	3.515e-04	6.877e-03
1.461e-07	9.928e-01	3.512e-04	6.889e-03
1.466e-07	9.927e-01	3.508e-04	6.902e-03
1.471e-07	9.927e-01	3.504e-04	6.914e-03
1.476e-07	9.927e-01	3.500e-04	6.926e-03
1.481e-07	9.927e-01	3.496e-04	6.939e-03
1.486e-07	9.927e-01	3.492e-04	6.951e-03
1.491e-07	9.927e-01	3.489e-04	6.963e-03
1.496e-07	9.927e-01	3.485e-04	6.975e-03
1.501e-07	9.927e-01	3.481e-04	6.987e-03
1.506e-07	9.927e-01	3.478e-04	6.999e-03
1.511e-07	9.926e-01	3.474e-04	7.011e-03
1.516e-07	9.926e-01	3.470e-04	7.023e-03
1.521e-07	9.926e-01	3.467e-04	7.035e-03
1.526e-07	9.926e-01	3.463e-04	7.047e-03
1.531e-07	9.926e-01	3.459e-04	7.059e-03
1.536e-07	9.926e-01	3.456e-04	7.071e-03
1.541e-07	9.926e-01	3.452e-04	7.083e-03
1.546e-07	9.926e-01	3.449e-04	7.094e-03
1.551e-07	9.925e-01	3.445e-04	7.106e-03
1.556e-07	9.925e-01	3.442e-04	7.118e-03
1.561e-07	9.925e-01	3.438e-04	7.129e-03
1.566e-07	9.925e-01	3.435e-04	7.141e-03
1.571e-07	9.925e-01	3.431e-04	7.153e-03
1.576e-07	9.925e-01	3.428e-04	7.164e-03
1.581e-07	9.925e-01	3.425e-04	7.175e-03
1.586e-07	9.925e-01	3.421e-04	7.187e-03
1.591e-07	9.925e-01	3.418e-04	7.198e-03
1.596e-07	9.924e-01	3.414e-04	7.210e-03
1.601e-07	9.924e-01	3.411e-04	7.221e-03
1.606e-07	9.924e-01	3.408e-04	7.232e-03
1.611e-07	9.924e-01	3.405e-04	7.243e-03
1.616e-07	9.924e-01	3.401e-04	7.255e-03
1.621e-07	9.924e-01	3.398e-04	7.266e-03
1.626e-07	9.924e-01	3.395e-04	7.277e-03
1.631e-07	9.924e-01	3.392e-04	7.288e-03
1.636e-07	9.924e-01	3.388e-04	7.299e-03
1.641e-07	9.924e-01	3.385e-04	7.310e-03
1.646e-07	9.923e-01	3.382e-04	7.321e-03
1.651e-07	9.923e-01	3.379e-04	7.332e-03
1.656e-07	9.923e-01	3.376e-04	7.343e-03
1.661e-07	9.923e-01	3.373e-04	7.354e-03
1.666e-07	9.923e-01	3.369e-04	7.364e-03
1.671e-07	9.923e-01	3.366e-04	7.375e-03
1.676e-07	9.923e-01	3.363e-04	7.386e-03
1.681e-07	9.923e-01	3.360e-04	7.397e-03
1.686e-07	9.923e-01	3.357e-04	7.407e-03
1.691e-07	9.922e-01	3.354e-04	7.418e-03
1.696e-07	9.922e-01	3.351e-04	7.428e-03
1.701e-07	9.922e-01	3.348e-04	7.439e-03
1.706e-07	9.922e-01	3.345e-04	7.449e-03
1.711e-07	9.922e-01	3.342e-04	7.460e-03
1.716e-07	9.922e-01	3.339e-04	7.470e-03
1.721e-07	9.922e-01	3.336e-04	7.481e-03
1.726e-07	9.922e-01	3.333e-04	7.491e-03
1.731e-07	9.922e-01	3.331e-04	7.501e-03
1.736e-07	9.922e-01	3.328e-04	7.512e-03
1.741e-07	9.921e-01	3.325e-04	7.522e-03
1.746e-07	9.921e-01	3.322e-04	7.532e-03
1.751e-07	9.921e-01	3.319e-04	7.542e-03
1.756e-07	9.921e-01	3.316e-04	7.553e-03
1.761e-07	9.921e-01	3.314e-04	7.563e-03
1.766e-07	9.921e-01	3.311e-04	7.573e-03
1.771e-07	9.921e-01	3.308e-04	7.583e-03
1.776e-07	9.921e-01	3.305e-04	7.593e-03
1.781e-07	9.921e-01	3.302e-04	7.603e-03
1.786e-07	9.921e-01	3.300e-04	7.613e-03
1.791e-07	9.920e-01	3.297e-04	7.623e-03
1.796e-07	9.920e-01	3.294e-04	7.632e-03
1.801e-07	9.920e-01	3.292e-04	7.642e-03
1.806e-07	9.920e-01	3.289e-04	7.652e-03
1.811e-07	9.920e-01	3.286e-04	7.662e-03
1.816e-07	9.920e-01	3.284e-04	7.672e-03
1.821e-07	9.920e-01	3.281e-04	7.681e-03
1.826e-07	9.920e-01	3.278e-04	7.691e-03
1.831e-07	9.920e-01	3.276e-04	7.701e-03
1.836e-07	9.920e-01	3.273e-04	7.710e-03
1.841e-07	9.920e-01	3.270e-04	7.720e-03
1.846e-07	9.919e-01	3.268e-04	7.729e-03
1.851e-07	9.919e-01	3.265e-04	7.739e-03
1.856e-07	9.919e-01	3.263e-04	7.748e-03
1.861e-07	9.919e-01	3.260e-04	7.758e-03
1.866e-07	9.919e-01	3.258e-04	7.767e-03
1.871e-07	9.919e-01	3.255e-04	7.777e-03
1.876e-07	9.919e-01	3.253e-04	7.786e-03
1.881e-07	9.919e-01	3.250e-04	7.795e-03
1.886e-07	9.919e-01	3.248e-04	7.804e-03
1.891e-07	9.919e-01	3.245e-04	7.814e-03
1.896e-07	9.919e-01	3.243e-04	7.823e-03
1.901e-07	9.918e-01	3.240e-04	7.832e-03
1.906e-07	9.918e-01	3.238e-04	7.841e-03
1.911e-07	9.918e-01	3.236e-04	7.850e-03
1.916e-07	9.918e-01	3.233e-04	7.859e-03
1.921e-07	9.918e-01	3.231e-04	7.869e-03
1.926e-07	9.918e-01	3.228e-04	7.878e-03
1.931e-07	9.918e-01	3.226e-04	7.887e-03
1.936e-07	9.918e-01	3.224e-04	7.896e-03
1.941e-07	9.918e-01	3.221e-04	7.904e-03
1.946e-07	9.918e-01	3.219e-04	7.913e-03
1.951e-07	9.918e-01	3.217e-04	7.922e-03
1.956e-07	9.917e-01	3.214e-04	7.931e-03
1.961e-07	9.917e-01	3.212e-04	7.940e-03
1.966e-07	9.917e-01	3.210e-04	7.949e-03
1.971e-07	9.917e-01	3.208e-04	7.957e-03
1.976e-07	9.917e-01	3.205e-04	7.966e-03
1.981e-07	9.917e-01	3.203e-04	7.975e-03
1.986e-07	9.917e-01	3.201e-04	7.983e-03
1.991e-07	9.917e-01	3.199e-04	7.992e-03
1.996e-07	9.917e-01	3.196e-04	8.001e-03
2.001e-07	9.917e-01	3.194e-04	8.009e-03
2.006e-07	9.917e-01	3.192e-04	8.018e-03
2.011e-07	9.917e-01	3.190e-04	8.026e-03
2.016e-07	9.916e-01	3.188e-04	8.035e-03
2.021e-07	9.916e-01	3.185e-04	8.043e-03
2.026e-07	9.916e-01	3.183e-04	8.052e-03
2.031e-07	9.916e-01	3.181e-04	8.060e-03
2.036e-07	9.916e-01	3.179e-04	8.068e-03
2.041e-07	9.916e-01	3.177e-04	8.077e-03
2.046e-07	9.916e-01	3.175e-04	8.085e-03
2.051e-07	9.916e-01	3.173e-04	8.093e-03
2.056e-07	9.916e-01	3.171e-04	8.102e-03
2.061e-07	9.916e-01	3.168e-04	8.110e-03
2.066e-07	9.916e-01	3.166e-04	8.118e-03
2.071e-07	9.916e-01	3.164e-04	8.126e-03
2.076e-07	9.915e-01	3.162e-04	8.134e-03
2.081e-07	9.915e-01	3.160e-04	8.142e-03
2.086e-07	9.915e-01	3.158e-04	8.150e-03
2.091e-07	9.915e-01	3.156e-04	8.158e-03
2.096e-07	9.915e-01	3.154e-04	8.167e-03
2.101e-07	9.915e-01	3.152e-04	8.174e-03
2.106e-07	9.915e-01	3.150e-04	8.182e-03
2.111e-07	9.915e-01	3.148e-04	8.190e-03
2.116e-07	9.915e-01	3.146e-04	8.198e-03
2.121e-07	9.915e-01	3.144e-04	8.206e-03
2.126e-07	9.915e-01	3.142e-04	8.214e-03
2.131e-07	9.915e-01	3.140e-04	8.222e-03
2.136e-07	9.915e-01	3.138e-04	8.230e-03
2.141e-07	9.914e-01	3.136e-04	8.237e-03
2.146e-07	9.914e-01	3.134e-04	8.245e-03
2.151e-07	9.914e-01	3.133e-04	8.253e-03
2.156e-07	9.914e-01	3.131e-04	8.261e-03
2.161e-07	9.914e-01	3.129e-04	8.268e-03
2.166e-07	9.914e-01	3.127e-04	8.276e-03
2.171e-07	9.914e-01	3.125e-04	8.284e-03
2.176e-07	9.914e-01	3.123e-04	8.291e-03
2.181e-07	9.914e-01	3.121e-04	8.299e-03
2.186e-07	9.914e-01	3.119e-04	8.306e-03
2.191e-07	9.914e-01	3.118e-04	8.314e-03
2.196e-07	9.914e-01	3.116e-04	8.321e-03
2.201e-07	9.914e-01	3.114e-04	8.329e-03
2.206e-07	9.914e-01	3.112e-04	8.336e-03
2.211e-07	9.913e-01	3.110e-04	8.344e-03
2.216e-07	9.913e-01	3.108e-04	8.351e-03
2.221e-07	9.913e-01	3.107e-04	8.358e-03
2.226e-07	9.913e-01	3.105e-04	8.366e-03
2.231e-07	9.913e-01	3.103e-04	8.373e-03
2.236e-07	9.913e-01	3.101e-04	8.380e-03
2.241e-07	9.913e-01	3.100e-04	8.387e-03
2.246e-07	9.913e-01	3.098e-04	8.395e-03
2.251e-07	9.913e-01	3.096e-04	8.402e-03
2.256e-07	9.913e-01	3.094e-04	8.409e-03
2.261e-07	9.913e-01	3.093e-04	8.416e-03
2.266e-07	9.913e-01	3.091e-04	8.423e-03
2.271e-07	9.913e-01	3.089e-04	8.430e-03
2.276e-07	9.913e-01	3.087e-04	8.438e-03
2.281e-07	9.912e-01	3.086e-04	8.445e-03
2.286e-07	9.912e-01	3.084e-04	8.452e-03
2.291e-07	9.912e-01	3.082e-04	8.459e-03
2.296e-07	9.912e-01	3.081e-04	8.466e-03
2.301e-07	9.912e-01	3.079e-04	8.473e-03
2.306e-07	9.912e-01	3.077e-04	8.480e-03
2.311e-07	9.912e-01	3.076e-04	8.486e-03
2.316e-07	9.912e-01	3.074e-04	8.493e-03
2.321e-07	9.912e-01	3.072e-04	8.500e-03
2.326e-07	9.912e-01	3.071e-04	8.507e-03
2.331e-07	9.912e-01	3.069e-04	8.514e-03
2.336e-07	9.912e-01	3.068e-04	8.521e-03
2.341e-07	9.912e-01	3.066e-04	8.527e-03
2.346e-07	9.912e-01	3.064e-04	8.534e-03
2.351e-07	9.912e-01	3.063e-04	8.541e-03
2.356e-07	9.911e-01	3.061e-04	8.548e-03
2.361e-07	9.911e-01	3.060e-04	8.554e-03
2.366e-07	9.911e-01	3.058e-04	8.561e-03
2.371e-07	9.911e-01	3.057e-04	8.567e-03
2.376e-07	9.911e-01	3.055e-04	8.574e-03
2.381e-07	9.911e-01	3.053e-04	8.581e-03
2.386e-07	9.911e-01	3.052e-04	8.587e-03
2.391e-07	9.911e-01	3.050e-04	8.594e-03
2.396e-07	9.911e-01	3.049e-04	8.600e-03
2.401e-07	9.911e-01	3.047e-04	8.607e-03
2.406e-07	9.911e-01	3.046e-04	8.613e-03
2.411e-07	9.911e-01	3.044e-04	8.620e-03
2.416e-07	9.911e-01	3.043e-04	8.626e-03
2.421e-07	9.911e-01	3.041e-04	8.633e-03
2.426e-07	9.911e-01	3.040e-04	8.639e-03
2.431e-07	9.911e-01	3.038e-04	8.645e-03
2.436e-07	9.910e-01	3.037e-04	8.652e-03
2.441e-07	9.910e-01	3.035e-04	8.658e-03
2.446e-07	9.910e-01	3.034e-04	8.664e-03
2.451e-07	9.910e-01	3.033e-04	8.670e-03
2.456e-07	9.910e-01	3.031e-04	8.677e-03
2.461e-07	9.910e-01	3.030e-04	8.683e-03
2.466e-07	9.910e-01	3.028e-04	8.689e-03
2.471e-07	9.910e-01	3.027e-04	8.695e-03
2.476e-07	9.910e-01	3.025e-04	8.701e-03
2.481e-07	9.910e-01	3.024e-04	8.708e-03
2.486e-07	9.910e-01	3.023e-04	8.714e-03
2.491e-07	9.910e-01	3.021e-04	8.720e-03
2.496e-07	9.910e-01	3.020e-04	8.726e-03
2.501e-07	9.910e-01	3.018e-04	8.732e-03
2.506e-07	9.910e-01	3.017e-04	8.738e-03
2.511e-07	9.910e-01	3.016e-04	8.744e-03
2.516e-07	9.909e-01	3.014e-04	8.750e-03
2.521e-07	9.909e-01	3.013e-04	8.756e-03
2.526e-07	9.909e-01	3.011e-04	8.762e-03
2.531e-07	9.909e-01	3.010e-04	8.768e-03
2.536e-07	9.909e-01	3.009e-04	8.774e-03
2.541e-07	9.909e-01	3.007e-04	8.780e-03
2.546e-07	9.909e-01	3.006e-04	8.786e-03
2.551e-07	9.909e-01	3.005e-04	8.791e-03
2.556e-07	9.909e-01	3.003e-04	8.797e-03
2.561e-07	9.909e-01	3.002e-04	8.803e-03
2.566e-07	9.909e-01	3.001e-04	8.809e-03
2.571e-07	9.909e-01	2.999e-04	8.815e-03
2.576e-07	9.909e-01	2.998e-04	8.820e-03
2.581e-07	9.909e-01	2.997e-04	8.826e-03
2.586e-07	9.909e-01	2.995e-04	8.832e-03
2.591e-07	9.909e-01	2.994e-04	8.837e-03
2.596e-07	9.909e-01	2.993e-04	8.843e-03
2.601e-07	9.909e-01	2.992e-04	8.849e-03
2.606e-07	9.908e-01	2.990e-04	8.854e-03
2.611e-07	9.908e-01	2.989e-04	8.860e-03
2.616e-07	9.908e-01	2.988e-04	8.866e-03
2.621e-07	9.908e-01	2.987e-04	8.871e-03
2.626e-07	9.908e-01	2.985e-04	8.877e-03
2.631e-07	9.908e-01	2.984e-04	8.882e-03
2.636e-07	9.908e-01	2.983e-04	8.888e-03
2.641e-07	9.908e-01	2.982e-04	8.893e-03
2.646e-07	9.908e-01	2.980e-04	8.899e-03
2.651e-07	9.908e-01	2.979e-04	8.904e-03
2.656e-07	9.908e-01	2.978e-04	8.910e-03
2.661e-07	9.908e-01	2.977e-04	8.915e-03
2.666e-07	9.908e-01	2.976e-04	8.920e-03
2.671e-07	9.908e-01	2.974e-04	8.926e-03
2.676e-07	9.908e-01	2.973e-04	8.931e-03
2.681e-07	9.908e-01	2.972e-04	8.936e-03
2.686e-07	9.908e-01	2.971e-04	8.942e-03
2.691e-07	9.908e-01	2.970e-04	8.947e-03
2.696e-07	9.908e-01	2.968e-04	8.952e-03
2.701e-07	9.907e-01	2.967e-04	8.958e-03
2.706e-07	9.907e-01	2.966e-04	8.963e-03
2.711e-07	9.907e-01	2.965e-04	8.968e-03
2.716e-07	9.907e-01	2.964e-04	8.973e-03
2.721e-07	9.907e-01	2.963e-04	8.978e-03
2.726e-07	9.907e-01	2.962e-04	8.984e-03
2.731e-07	9.907e-01	2.960e-04	8.989e-03
2.736e-07	9.907e-01	2.959e-04	8.994e-03
2.741e-07	9.907e-01	2.958e-04	8.999e-03
2.746e-07	9.907e-01	2.957e-04	9.004e-03
2.751e-07	9.907e-01	2.956e-04	9.009e-03
2.756e-07	9.907e-01	2.955e-04	9.014e-03
2.761e-07	9.907e-01	2.954e-04	9.019e-03
2.766e-07	9.907e-01	2.953e-04	9.024e-03
2.771e-07	9.907e-01	2.951e-04	9.029e-03
2.776e-07	9.907e-01	2.950e-04	9.034e-03
2.781e-07	9.907e-01	2.949e-04	9.039e-03
2.786e-07	9.907e-01	2.948e-04	9.044e-03
2.791e-07	9.907e-01	2.947e-04	9.049e-03
2.796e-07	9.907e-01	2.946e-04	9.054e-03
2.801e-07	9.906e-01	2.945e-04	9.059e-03
2.806e-07	9.906e-01	2.944e-04	9.064e-03
2.811e-07	9.906e-01	2.943e-04	9.069e-03
2.816e-07	9.906e-01	2.942e-04	9.074e-03
2.821e-07	9.906e-01	2.941e-04	9.079e-03
2.826e-07	9.906e-01	2.940e-04	9.083e-03
2.831e-07	9.906e-01	2.939e-04	9.088e-03
2.836e-07	9.906e-01	2.938e-04	9.093e-03
2.841e-07	9.906e-01	2.936e-04	9.098e-03
2.846e-07	9.906e-01	2.935e-04	9.103e-03
2.851e-07	9.906e-01	2.934e-04	9.107e-03
2.856e-07	9.906e-01	2.933e-04	9.112e-03
2.861e-07	9.906e-01	2.932e-04	9.117e-03
2.866e-07	9.906e-01	2.931e-04	9.121e-03
2.871e-07	9.906e-01	2.930e-04	9.126e-03
2.876e-07	9.906e-01	2.929e-04	9.131e-03
2.881e-07	9.906e-01	2.928e-04	9.135e-03
2.886e-07	9.906e-01	2.927e-04	9.140e-03
2.891e-07	9.906e-01	2.926e-04	9.145e-03
2.896e-07	9.906e-01	2.925e-04	9.149e-03
2.901e-07	9.906e-01	2.924e-04	9.154e-03
2.906e-07	9.905e-01	2.923e-04	9.158e-03
2.911e-07	9.905e-01	2.922e-04	9.163e-03
2.916e-07	9.905e-01	2.921e-04	9.167e-03
2.921e-07	9.905e-01	2.920e-04	9.172e-03
2.926e-07	9.905e-01	2.920e-04	9.176e-03
2.931e-07	9.905e-01	2.919e-04	9.181e-03
2.936e-07	9.905e-01	2.918e-04	9.185e-03
2.941e-07	9.905e-01	2.917e-04	9.190e-03
2.946e-07	9.905e-01	2.916e-04	9.194e-03
2.951e-07	9.905e-01	2.915e-04	9.199e-03
2.956e-07	9.905e-01	2.914e-04	9.203e-03
2.961e-07	9.905e-01	2.913e-04	9.207e-03
2.966e-07	9.905e-01	2.912e-04	9.212e-03
2.971e-07	9.905e-01	2.911e-04	9.216e-03
2.976e-07	9.905e-01	2.910e-04	9.220e-03
2.981e-07	9.905e-01	2.909e-04	9.225e-03
2.986e-07	9.905e-01	2.908e-04	9.229e-03
2.991e-07	9.905e-01	2.907e-04	9.233e-03
2.996e-07	9.905e-01	2.906e-04	9.238e-03
3.002e-07	9.905e-01	2.906e-04	9.242e-03
3.007e-07	9.905e-01	2.905e-04	9.246e-03
3.012e-07	9.905e-01	2.904e-04	9.250e-03
3.017e-07	9.905e-01	2.903e-04	9.255e-03
3.022e-07	9.905e-01	2.902e-04	9.259e-03
3.027e-07	9.904e-01	2.901e-04	9.263e-03
3.032e-07	9.904e-01	2.900e-04	9.267e-03
3.037e-07	9.904e-01	2.899e-04	9.271e-03
3.042e-07	9.904e-01	2.898e-04	9.276e-03
3.047e-07	9.904e-01	2.897e-04	9.280e-03
3.052e-07	9.904e-01	2.897e-04	9.284e-03
3.057e-07	9.904e-01	2.896e-04	9.288e-03
3.062e-07	9.904e-01	2.895e-04	9.292e-03
3.067e-07	9.904e-01	2.894e-04	9.296e-03
3.072e-07	9.904e-01	2.893e-04	9.300e-03
3.077e-07	9.904e-01	2.892e-04	9.304e-03
3.082e-07	9.904e-01	2.891e-04	9.308e-03
3.087e-07	9.904e-01	2.891e-04	9.312e-03
3.092e-07	9.904e-01	2.890e-04	9.316e-03
3.097e-07	9.904e-01	2.889e-04	9.320e-03
3.102e-07	9.904e-01	2.888e-04	9.324e-03
3.107e-07	9.904e-01	2.887e-04	9.328e-03
3.112e-07	9.904e-01	2.886e-04	9.332e-03
3.117e-07	9.904e-01	2.886e-04	9.336e-03
3.122e-07	9.904e-01	2.885e-04	9.340e-03
3.127e-07	9.904e-01	2.884e-04	9.344e-03
3.132e-07	9.904e-01	2.883e-04	9.348e-03
3.137e-07	9.904e-01	2.882e-04	9.352e-03
3.142e-07	9.904e-01	2.882e-04	9.355e-03
3.147e-07	9.904e-01	2.881e-04	9.359e-03
3.152e-07	9.903e-01	2.880e-04	9.363e-03
3.157e-07	9.903e-01	2.879e-04	9.367e-03
3.162e-07	9.903e-01	2.878e-04	9.371e-03
3.167e-07	9.903e-01	2.878e-04	9.375e-03
3.172e-07	9.903e-01	2.877e-04	9.378e-03
3.177e-07	9.903e-01	2.876e-04	9.382e-03
3.182e-07	9.903e-01	2.875e-04	9.386e-03
3.187e-07	9.903e-01	2.874e-04	9.390e-03
3.192e-07	9.903e-01	2.874e-04	9.393e-03
3.197e-07	9.903e-01	2.873e-04	9.397e-03
3.202e-07	9.903e-01	2.872e-04	9.401e-03
3.207e-07	9.903e-01	2.871e-04	9.404e-03
3.212e-07	9.903e-01	2.871e-04	9.408e-03
3.217e-07	9.903e-01	2.870e-04	9.412e-03
3.222e-07	9.903e-01	2.869e-04	9.415e-03
3.227e-07	9.903e-01	2.868e-04	9.419e-03
3.232e-07	9.903e-01	2.868e-04	9.423e-03
3.237e-07	9.903e-01	2.867e-04	9.426e-03
3.242e-07	9.903e-01	2.866e-04	9.430e-03
3.247e-07	9.903e-01	2.865e-04	9.434e-03
3.252e-07	9.903e-01	2.865e-04	9.437e-03
3.257e-07	9.903e-01	2.864e-04	9.441e-03
3.262e-07	9.903e-01	2.863e-04	9.444e-03
3.267e-07	9.903e-01	2.862e-04	9.448e-03
3.272e-07	9.903e-01	2.862e-04	9.451e-03
3.277e-07	9.903e-01	2.861e-04	9.455e-03
3.282e-07	9.903e-01	2.860e-04	9.458e-03
3.287e-07	9.903e-01	2.859e-04	9.462e-03
3.292e-07	9.902e-01	2.859e-04	9.465e-03
3.297e-07	9.902e-01	2.858e-04	9.469e-03
3.302e-07	9.902e-01	2.857e-04	9.472e-03
3.307e-07	9.902e-01	2.857e-04	9.476e-03
3.312e-07	9.902e-01	2.856e-04	9.479e-03
3.317e-07	9.902e-01	2.855e-04	9.482e-03
3.322e-07	9.902e-01	2.855e-04	9.486e-03
3.327e-07	9.902e-01	2.854e-04	9.489e-03
3.332e-07	9.902e-01	2.853e-04	9.493e-03
3.337e-07	9.902e-01	2.852e-04	9.496e-03
3.342e-07	9.902e-01	2.852e-04	9.499e-03
3.347e-07	9.902e-01	2.851e-04	9.503e-03
3.352e-07	9.902e-01	2.850e-04	9.506e-03
3.357e-07	9.902e-01	2.850e-04	9.509e-03
3.362e-07	9.902e-01	2.849e-04	9.513e-03
3.367e-07	9.902e-01	2.848e-04	9.516e-03
3.372e-07	9.902e-01	2.848e-04	9.519e-03
3.377e-07	9.902e-01	2.847e-04	9.523e-03
3.382e-07	9.902e-01	2.846e-04	9.526e-03
3.387e-07	9.902e-01	2.846e-04	9.529e-03
3.392e-07	9.902e-01	2.845e-04	9.532e-03
3.397e-07	9.902e-01	2.844e-04	9.535e-03
3.402e-07	9.902e-01	2.844e-04	9.539e-03
3.407e-07	9.902e-01	2.843e-04	9.542e-03
3.412e-07	9.902e-01	2.842e-04	9.545e-03
3.417e-07	9.902e-01	2.842e-04	9.548e-03
3.422e-07	9.902e-01	2.841e-04	9.551e-03
3.427e-07	9.902e-01	2.841e-04	9.555e-03
3.432e-07	9.902e-01	2.840e-04	9.558e-03
3.437e-07	9.902e-01	2.839e-04	9.561e-03
3.442e-07	9.902e-01	2.839e-04	9.564e-03
3.447e-07	9.901e-01	2.838e-04	9.567e-03
3.452e-07	9.901e-01	2.837e-04	9.570e-03
3.457e-07	9.901e-01	2.837e-04	9.573e-03
3.462e-07	9.901e-01	2.836e-04	9.576e-03
3.467e-07	9.901e-01	2.835e-04	9.579e-03
3.472e-07	9.901e-01	2.835e-04	9.583e-03
3.477e-07	9.901e-01	2.834e-04	9.586e-03
3.482e-07	9.901e-01	2.834e-04	9.589e-03
3.487e-07	9.901e-01	2.833e-04	9.592e-03
3.492e-07	9.901e-01	2.832e-04	9.595e-03
3.497e-07	9.901e-01	2.832e-04	9.598e-03
3.502e-07	9.901e-01	2.831e-04	9.601e-03
3.507e-07	9.901e-01	2.831e-04	9.604e-03
3.512e-07	9.901e-01	2.830e-04	9.607e-03
3.517e-07	9.901e-01	2.829e-04	9.610e-03
3.522e-07	9.901e-01	2.829e-04	9.613e-03
3.527e-07	9.901e-01	2.828e-04	9.615e-03
3.532e-07	9.901e-01	2.828e-04	9.618e-03
3.537e-07	9.901e-01	2.827e-04	9.621e-03
3.542e-07	9.901e-01	2.826e-04	9.624e-03
3.547e-07	9.901e-01	2.826e-04	9.627e-03
3.552e-07	9.901e-01	2.825e-04	9.630e-03
3.557e-07	9.901e-01	2.825e-04	9.633e-03
3.562e-07	9.901e-01	2.824e-04	9.636e-03
3.567e-07	9.901e-01	2.823e-04	9.639e-03
3.572e-07	9.901e-01	2.823e-04	9.642e-03
3.577e-07	9.901e-01	2.822e-04	9.644e-03
3.582e-07	9.901e-01	2.822e-04	9.647e-03
3.587e-07	9.901e-01	2.821e-04	9.650e-03
3.592e-07	9.901e-01	2.821e-04	9.653e-03
3.597e-07	9.901e-01	2.820e-04	9.656e-03
3.602e-07	9.901e-01	2.819e-04	9.658e-03
3.607e-07	9.901e-01	2.819e-04	9.661e-03
3.612e-07	9.901e-01	2.818e-04	9.664e-03
3.617e-07	9.901e-01	2.818e-04	9.667e-03
3.622e-07	9.900e-01	2.817e-04	9.669e-03
3.627e-07	9.900e-01	2.817e-04	9.672e-03
3.632e-07	9.900e-01	2.816e-04	9.675e-03
3.637e-07	9.900e-01	2.816e-04	9.678e-03
3.642e-07	9.900e-01	2.815e-04	9.680e-03
3.647e-07	9.900e-01	2.815e-04	9.683e-03
3.652e-07	9.900e-01	2.814e-04	9.686e-03
3.657e-07	9.900e-01	2.814e-04	9.688e-03
3.662e-07	9.900e-01	2.813e-04	9.691e-03
3.667e-07	9.900e-01	2.813e-04	9.694e-03
3.672e-07	9.900e-01	2.812e-04	9.696e-03
3.677e-07	9.900e-01	2.811e-04	9.699e-03
3.682e-07	9.900e-01	2.811e-04	9.702e-03
3.687e-07	9.900e-01	2.810e-04	9.704e-03
3.692e-07	9.900e-01	2.810e-04	9.707e-03
3.697e-07	9.900e-01	2.809e-04	9.710e-03
3.702e-07	9.900e-01	2.809e-04	9.712e-03
3.707e-07	9.900e-01	2.808e-04	9.715e-03
3.712e-07	9.900e-01	2.808e-04	9.717e-03
3.717e-07	9.900e-01	2.807e-04	9.720e-03
3.722e-07	9.900e-01	2.807e-04	9.722e-03
3.727e-07	9.900e-01	2.806e-04	9.725e-03
3.732e-07	9.900e-01	2.806e-04	9.728e-03
3.737e-07	9.900e-01	2.805e-04	9.730e-03
3.742e-07	9.900e-01	2.805e-04	9.733e-03
3.747e-07	9.900e-01	2.804e-04	9.735e-03
3.752e-07	9.900e-01	2.804e-04	9.738e-03
3.757e-07	9.900e-01	2.803e-04	9.740e-03
3.762e-07	9.900e-01	2.803e-04	9.743e-03
3.767e-07	9.900e-01	2.802e-04	9.745e-03
3.772e-07	9.900e-01	2.802e-04	9.748e-03
3.777e-07	9.900e-01	2.801e-04	9.750e-03
3.782e-07	9.900e-01	2.801e-04	9.752e-03
3.787e-07	9.900e-01	2.800e-04	9.755e-03
3.792e-07	9.900e-01	2.800e-04	9.757e-03
3.797e-07	9.900e-01	2.799e-04	9.760e-03
3.802e-07	9.900e-01	2.799e-04	9.762e-03
3.807e-07	9.900e-01	2.798e-04	9.765e-03
3.812e-07	9.900e-01	2.798e-04	9.767e-03
3.817e-07	9.900e-01	2.798e-04	9.769e-03
3.822e-07	9.899e-01	2.797e-04	9.772e-03
3.827e-07	9.899e-01	2.797e-04	9.774e-03
3.832e-07	9.899e-01	2.796e-04	9.777e-03
3.837e-07	9.899e-01	2.796e-04	9.779e-03
3.842e-07	9.899e-01	2.795e-04	9.781e-03
3.847e-07	9.899e-01	2.795e-04	9.784e-03
3.852e-07	9.899e-01	2.794e-04	9.786e-03
3.857e-07	9.899e-01	2.794e-04	9.788e-03
3.862e-07	9.899e-01	2.793e-04	9.791e-03
3.867e-07	9.899e-01	2.793e-04	9.793e-03
3.872e-07	9.899e-01	2.792e-04	9.795e-03
3.877e-07	9.899e-01	2.792e-04	9.797e-03
3.882e-07	9.899e-01	2.792e-04	9.800e-03
3.887e-07	9.899e-01	2.791e-04	9.802e-03
3.892e-07	9.899e-01	2.791e-04	9.804e-03
3.897e-07	9.899e-01	2.790e-04	9.807e-03
3.902e-07	9.899e-01	2.790e-04	9.809e-03
3.907e-07	9.899e-01	2.789e-04	9.811e-03
3.912e-07	9.899e-01	2.789e-04	9.813e-03
3.917e-07	9.899e-01	2.788e-04	9.816e-03
3.922e-07	9.899e-01	2.788e-04	9.818e-03
3.927e-07	9.899e-01	2.788e-04	9.820e-03
3.932e-07	9.899e-01	2.787e-04	9.822e-03
3.937e-07	9.899e-01	2.787e-04	9.824e-03
3.942e-07	9.899e-01	2.786e-04	9.827e-03
3.947e-07	9.899e-01	2.786e-04	9.829e-03
3.952e-07	9.899e-01	2.785e-04	9.831e-03
3.957e-07	9.899e-01	2.785e-04	9.833e-03
3.962e-07	9.899e-01	2.785e-04	9.835e-03
3.967e-07	9.899e-01	2.784e-04	9.837e-03
3.972e-07	9.899e-01	2.784e-04	9.840e-03
3.977e-07	9.899e-01	2.783e-04	9.842e-03
3.982e-07	9.899e-01	2.783e-04	9.844e-03
3.987e-07	9.899e-01	2.783e-04	9.846e-03
3.992e-07	9.899e-01	2.782e-04	9.848e-03
3.997e-07	9.899e-01	2.782e-04	9.850e-03
4.002e-07	9.899e-01	2.781e-04	9.852e-03
4.007e-07	9.899e-01	2.781e-04	9.854e-03
4.012e-07	9.899e-01	2.780e-04	9.856e-03
4.017e-07	9.899e-01	2.780e-04	9.858e-03
4.022e-07	9.899e-01	2.780e-04	9.861e-03
4.027e-07	9.899e-01	2.779e-04	9.863e-03
4.032e-07	9.899e-01	2.779e-04	9.865e-03
4.037e-07	9.899e-01	2.778e-04	9.867e-03
4.042e-07	9.899e-01	2.778e-04	9.869e-03
4.047e-07	9.899e-01	2.778e-04	9.871e-03
4.052e-07	9.898e-01	2.777e-04	9.873e-03
4.057e-07	9.898e-01	2.777e-04	9.875e-03
4.062e-07	9.898e-01	2.777e-04	9.877e-03
4.067e-07	9.898e-01	2.776e-04	9.879e-03
4.072e-07	9.898e-01	2.776e-04	9.881e-03
4.077e-07	9.898e-01	2.775e-04	9.883e-03
4.082e-07	9.898e-01	2.775e-04	9.885e-03
4.087e-07	9.898e-01	2.775e-04	9.887e-03
4.092e-07	9.898e-01	2.774e-04	9.889e-03
4.097e-07	9.898e-01	2.774e-04	9.891e-03
4.102e-07	9.898e-01	2.773e-04	9.893e-03
4.107e-07	9.898e-01	2.773e-04	9.895e-03
4.112e-07	9.898e-01	2.773e-04	9.897e-03
4.117e-07	9.898e-01	2.772e-04	9.898e-03
4.122e-07	9.898e-01	2.772e-04	9.900e-03
4.127e-07	9.898e-01	2.772e-04	9.902e-03
4.132e-07	9.898e-01	2.771e-04	9.904e-03
4.137e-07	9.898e-01	2.771e-04	9.906e-03
4.142e-07	9.898e-01	2.770e-04	9.908e-03
4.147e-07	9.898e-01	2.770e-04	9.910e-03
4.152e-07	9.898e-01	2.770e-04	9.912e-03
4.157e-07	9.898e-01	2.769e-04	9.914e-03
4.162e-07	9.898e-01	2.769e-04	9.916e-03
4.167e-07	9.898e-01	2.769e-04	9.917e-03
4.172e-07	9.898e-01	2.768e-04	9.919e-03
4.177e-07	9.898e-01	2.768e-04	9.921e-03
4.182e-07	9.898e-01	2.768e-04	9.923e-03
4.187e-07	9.898e-01	2.767e-04	9.925e-03
4.192e-07	9.898e-01	2.767e-04	9.927e-03
4.197e-07	9.898e-01	2.767e-04	9.928e-03
4.202e-07	9.898e-01	2.766e-04	9.930e-03
4.207e-07	9.898e-01	2.766e-04	9.932e-03
4.212e-07	9.898e-01	2.765e-04	9.934e-03
4.217e-07	9.898e-01	2.765e-04	9.936e-03
4.222e-07	9.898e-01	2.765e-04	9.937e-03
4.227e-07	9.898e-01	2.764e-04	9.939e-03
4.232e-07	9.898e-01	2.764e-04	9.941e-03
4.237e-07	9.898e-01	2.764e-04	9.943e-03
4.242e-07	9.898e-01	2.763e-04	9.945e-03
4.247e-07	9.898e-01	2.763e-04	9.946e-03
4.252e-07	9.898e-01	2.763e-04	9.948e-03
4.257e-07	9.898e-01	2.762e-04	9.950e-03
4.262e-07	9.898e-01	2.762e-04	9.952e-03
4.267e-07	9.898e-01	2.762e-04	9.953e-03
4.272e-07	9.898e-01	2.761e-04	9.955e-03
4.277e-07	9.898e-01	2.761e-04	9.957e-03
4.282e-07	9.898e-01	2.761e-04	9.958e-03
4.287e-07	9.898e-01	2.760e-04	9.960e-03
4.292e-07	9.898e-01	2.760e-04	9.962e-03
4.297e-07	9.898e-01	2.760e-04	9.964e-03
4.302e-07	9.898e-01	2.759e-04	9.965e-03
4.307e-07	9.898e-01	2.759e-04	9.967e-03
4.312e-07	9.898e-01	2.759e-04	9.969e-03
4.317e-07	9.898e-01	2.758e-04	9.970e-03
4.322e-07	9.898e-01	2.758e-04	9.972e-03
4.327e-07	9.898e-01	2.758e-04	9.974e-03
4.332e-07	9.897e-01	2.758e-04	9.975e-03
4.337e-07	9.897e-01	2.757e-04	9.977e-03
4.342e-07	9.897e-01	2.757e-04	9.979e-03
4.347e-07	9.897e-01	2.757e-04	9.980e-03
4.352e-07	9.897e-01	2.756e-04	9.982e-03
4.357e-07	9.897e-01	2.756e-04	9.983e-03
4.362e-07	9.897e-01	2.756e-04	9.985e-03
4.367e-07	9.897e-01	2.755e-04	9.987e-03
4.372e-07	9.897e-01	2.755e-04	9.988e-03
4.377e-07	9.897e-01	2.755e-04	9.990e-03
4.382e-07	9.897e-01	2.754e-04	9.992e-03
4.387e-07	9.897e-01	2.754e-04	9.993e-03
4.392e-07	9.897e-01	2.754e-04	9.995e-03
4.397e-07	9.897e-01	2.754e-04	9.996e-03
4.402e-07	9.897e-01	2.753e-04	9.998e-03
4.407e-07	9.897e-01	2.753e-04	9.999e-03
4.412e-07	9.897e-01	2.753e-04	1.000e-02
4.417e-07	9.897e-01	2.752e-04	1.000e-02
4.422e-07	9.897e-01	2.752e-04	1.000e-02
4.427e-07	9.897e-01	2.752e-04	1.001e-02
4.432e-07	9.897e-01	2.751e-04	1.001e-02
4.437e-07	9.897e-01	2.751e-04	1.001e-02
4.442e-07	9.897e-01	2.751e-04	1.001e-02
4.447e-07	9.897e-01	2.751e-04	1.001e-02
4.452e-07	9.897e-01	2.750e-04	1.001e-02
4.457e-07	9.897e-01	2.750e-04	1.001e-02
4.462e-07	9.897e-01	2.750e-04	1.002e-02
4.467e-07	9.897e-01	2.749e-04	1.002e-02
4.472e-07	9.897e-01	2.749e-04	1.002e-02
4.477e-07	9.897e-01	2.749e-04	1.002e-02
4.482e-07	9.897e-01	2.749e-04	1.002e-02
4.487e-07	9.897e-01	2.748e-04	1.002e-02
4.492e-07	9.897e-01	2.748e-04	1.003e-02
4.497e-07	9.897e-01	2.748e-04	1.003e-02
4.502e-07	9.897e-01	2.747e-04	1.003e-02
4.507e-07	9.897e-01	2.747e-04	1.003e-02
4.512e-07	9.897e-01	2.747e-04	1.003e-02
4.517e-07	9.897e-01	2.747e-04	1.003e-02
4.522e-07	9.897e-01	2.746e-04	1.003e-02
4.527e-07	9.897e-01	2.746e-04	1.004e-02
4.532e-07	9.897e-01	2.746e-04	1.004e-02
4.537e-07	9.897e-01	2.746e-04	1.004e-02
4.542e-07	9.897e-01	2.745e-04	1.004e-02
4.547e-07	9.897e-01	2.745e-04	1.004e-02
4.552e-07	9.897e-01	2.745e-04	1.004e-02
4.557e-07	9.897e-01	2.744e-04	1.004e-02
4.562e-07	9.897e-01	2.744e-04	1.005e-02
4.567e-07	9.897e-01	2.744e-04	1.005e-02
4.572e-07	9.897e-01	2.744e-04	1.005e-02
4.577e-07	9.897e-01	2.743e-04	1.005e-02
4.582e-07	9.897e-01	2.743e-04	1.005e-02
4.587e-07	9.897e-01	2.743e-04	1.005e-02
4.592e-07	9.897e-01	2.743e-04	1.005e-02
4.597e-07	9.897e-01	2.742e-04	1.006e-02
4.602e-07	9.897e-01	2.742e-04	1.006e-02
4.607e-07	9.897e-01	2.742e-04	1.006e-02
4.612e-07	9.897e-01	2.742e-04	1.006e-02
4.617e-07	9.897e-01	2.741e-04	1.006e-02
4.622e-07	9.897e-01	2.741e-04	1.006e-02
4.627e-07	9.897e-01	2.741e-04	1.006e-02
4.632e-07	9.897e-01	2.741e-04	1.006e-02
4.637e-07	9.897e-01	2.740e-04	1.007e-02
4.642e-07	9.897e-01	2.740e-04	1.007e-02
4.647e-07	9.897e-01	2.740e-04	1.007e-02
4.652e-07	9.897e-01	2.740e-04	1.007e-02
4.657e-07	9.897e-01	2.739e-04	1.007e-02
4.662e-07	9.897e-01	2.739e-04	1.007e-02
4.667e-07	9.897e-01	2.739e-04	1.007e-02
4.672e-07	9.897e-01	2.739e-04	1.008e-02
4.677e-07	9.896e-01	2.738e-04	1.008e-02
4.682e-07	9.896e-01	2.738e-04	1.008e-02
4.687e-07	9.896e-01	2.738e-04	1.008e-02
4.692e-07	9.896e-01	2.738e-04	1.008e-02
4.697e-07	9.896e-01	2.737e-04	1.008e-02
4.702e-07	9.896e-01	2.737e-04	1.008e-02
4.707e-07	9.896e-01	2.737e-04	1.008e-02
4.712e-07	9.896e-01	2.737e-04	1.009e-02
4.717e-07	9.896e-01	2.736e-04	1.009e-02
4.722e-07	9.896e-01	2.736e-04	1.009e-02
4.727e-07	9.896e-01	2.736e-04	1.009e-02
4.732e-07	9.896e-01	2.736e-04	1.009e-02
4.737e-07	9.896e-01	2.735e-04	1.009e-02
4.742e-07	9.896e-01	2.735e-04	1.009e-02
4.747e-07	9.896e-01	2.735e-04	1.009e-02
4.752e-07	9.896e-01	2.735e-04	1.010e-02
4.757e-07	9.896e-01	2.735e-04	1.010e-02
4.762e-07	9.896e-01	2.734e-04	1.010e-02
4.767e-07	9.896e-01	2.734e-04	1.010e-02
4.772e-07	9.896e-01	2.734e-04	1.010e-02
4.777e-07	9.896e-01	2.734e-04	1.010e-02
4.782e-07	9.896e-01	2.733e-04	1.010e-02
4.787e-07	9.896e-01	2.733e-04	1.010e-02
4.792e-07	9.896e-01	2.733e-04	1.010e-02
4.797e-07	9.896e-01	2.733e-04	1.011e-02
4.802e-07	9.896e-01	2.733e-04	1.011e-02
4.807e-07	9.896e-01	2.732e-04	1.011e-02
4.812e-07	9.896e-01	2.732e-04	1.011e-02
4.817e-07	9.896e-01	2.732e-04	1.011e-02
4.822e-07	9.896e-01	2.732e-04	1.011e-02
4.827e-07	9.896e-01	2.731e-04	1.011e-02
4.832e-07	9.896e-01	2.731e-04	1.011e-02
4.837e-07	9.896e-01	2.731e-04	1.012e-02
4.842e-07	9.896e-01	2.731e-04	1.012e-02
4.847e-07	9.896e-01	2.731e-04	1.012e-02
4.852e-07	9.896e-01	2.730e-04	1.012e-02
4.857e-07	9.896e-01	2.730e-04	1.012e-02
4.862e-07	9.896e-01	2.730e-04	1.012e-02
4.867e-07	9.896e-01	2.730e-04	1.012e-02
4.872e-07	9.896e-01	2.730e-04	1.012e-02
4.877e-07	9.896e-01	2.729e-04	1.012e-02
4.882e-07	9.896e-01	2.729e-04	1.013e-02
4.887e-07	9.896e-01	2.729e-04	1.013e-02
4.892e-07	9.896e-01	2.729e-04	1.013e-02
4.897e-07	9.896e-01	2.728e-04	1.013e-02
4.902e-07	9.896e-01	2.728e-04	1.013e-02
4.907e-07	9.896e-01	2.728e-04	1.013e-02
4.912e-07	9.896e-01	2.728e-04	1.013e-02
4.917e-07	9.896e-01	2.728e-04	1.013e-02
4.922e-07	9.896e-01	2.727e-04	1.013e-02
4.927e-07	9.896e-01	2.727e-04	1.014e-02
4.932e-07	9.896e-01	2.727e-04	1.014e-02
4.937e-07	9.896e-01	2.727e-04	1.014e-02
4.942e-07	9.896e-01	2.727e-04	1.014e-02
4.947e-07	9.896e-01	2.726e-04	1.014e-02
4.952e-07	9.896e-01	2.726e-04	1.014e-02
4.957e-07	9.896e-01	2.726e-04	1.014e-02
4.962e-07	9.896e-01	2.726e-04	1.014e-02
4.967e-07	9.896e-01	2.726e-04	1.014e-02
4.972e-07	9.896e-01	2.725e-04	1.014e-02
4.977e-07	9.896e-01	2.725e-04	1.015e-02
4.982e-07	9.896e-01	2.725e-04	1.015e-02
