

@config file : refs/example_simu_populations.params

time            S0         S1          T1
0.000e+00	1.000e+00	0.000e+00	0.000e+00
5.003e-10	9.997e-01	3.277e-04	8.798e-06
1.001e-09	9.994e-01	5.384e-04	3.085e-05
1.501e-09	9.993e-01	6.740e-04	6.142e-05
2.001e-09	9.991e-01	7.612e-04	9.748e-05
2.501e-09	9.990e-01	8.172e-04	1.371e-04
3.002e-09	9.990e-01	8.533e-04	1.789e-04
3.502e-09	9.989e-01	8.765e-04	2.222e-04
4.002e-09	9.988e-01	8.913e-04	2.665e-04
4.502e-09	9.988e-01	9.009e-04	3.113e-04
5.003e-09	9.987e-01	9.070e-04	3.565e-04
5.503e-09	9.987e-01	9.110e-04	4.020e-04
6.003e-09	9.986e-01	9.135e-04	4.477e-04
6.503e-09	9.986e-01	9.151e-04	4.934e-04
7.004e-09	9.985e-01	9.161e-04	5.392e-04
7.504e-09	9.985e-01	9.168e-04	5.850e-04
8.004e-09	9.985e-01	9.172e-04	6.309e-04
8.504e-09	9.984e-01	9.174e-04	6.768e-04
9.005e-09	9.984e-01	9.175e-04	7.227e-04
9.505e-09	9.983e-01	9.176e-04	7.686e-04
1.001e-08	9.983e-01	9.176e-04	8.145e-04
1.051e-08	9.982e-01	9.176e-04	8.604e-04
1.101e-08	9.982e-01	9.176e-04	9.063e-04
1.151e-08	9.981e-01	9.176e-04	9.522e-04
1.201e-08	9.981e-01	9.176e-04	9.981e-04
1.251e-08	9.980e-01	9.175e-04	1.044e-03
1.301e-08	9.980e-01	9.175e-04	1.090e-03
1.351e-08	9.979e-01	9.175e-04	1.136e-03
1.401e-08	9.979e-01	9.174e-04	1.182e-03
1.451e-08	9.979e-01	9.174e-04	1.228e-03
1.501e-08	9.978e-01	9.173e-04	1.273e-03
1.551e-08	9.978e-01	9.173e-04	1.319e-03
1.601e-08	9.977e-01	9.173e-04	1.365e-03
1.651e-08	9.977e-01	9.172e-04	1.411e-03
1.701e-08	9.976e-01	9.172e-04	1.457e-03
1.751e-08	9.976e-01	9.171e-04	1.503e-03
1.801e-08	9.975e-01	9.171e-04	1.549e-03
1.851e-08	9.975e-01	9.171e-04	1.595e-03
1.901e-08	9.974e-01	9.170e-04	1.640e-03
1.951e-08	9.974e-01	9.170e-04	1.686e-03
2.001e-08	9.974e-01	9.169e-04	1.732e-03
2.051e-08	9.973e-01	9.169e-04	1.778e-03
2.101e-08	9.973e-01	9.168e-04	1.824e-03
2.151e-08	9.972e-01	9.168e-04	1.870e-03
2.201e-08	9.972e-01	9.168e-04	1.916e-03
2.251e-08	9.971e-01	9.167e-04	1.962e-03
2.301e-08	9.971e-01	9.167e-04	2.007e-03
2.351e-08	9.970e-01	9.166e-04	2.053e-03
2.401e-08	9.970e-01	9.166e-04	2.099e-03
2.451e-08	9.969e-01	9.166e-04	2.145e-03
2.501e-08	9.969e-01	9.165e-04	2.191e-03
2.551e-08	9.968e-01	9.165e-04	2.237e-03
2.601e-08	9.968e-01	9.164e-04	2.282e-03
2.651e-08	9.968e-01	9.164e-04	2.328e-03
2.701e-08	9.967e-01	9.163e-04	2.374e-03
2.751e-08	9.967e-01	9.163e-04	2.420e-03
2.801e-08	9.966e-01	9.163e-04	2.466e-03
2.851e-08	9.966e-01	9.162e-04	2.512e-03
2.901e-08	9.965e-01	9.162e-04	2.557e-03
2.951e-08	9.965e-01	9.161e-04	2.603e-03
3.002e-08	9.964e-01	9.161e-04	2.649e-03
3.052e-08	9.964e-01	9.160e-04	2.695e-03
3.102e-08	9.963e-01	9.160e-04	2.741e-03
3.152e-08	9.963e-01	9.160e-04	2.787e-03
3.202e-08	9.963e-01	9.159e-04	2.832e-03
3.252e-08	9.962e-01	9.159e-04	2.878e-03
3.302e-08	9.962e-01	9.158e-04	2.924e-03
3.352e-08	9.961e-01	9.158e-04	2.970e-03
3.402e-08	9.961e-01	9.158e-04	3.016e-03
3.452e-08	9.960e-01	9.157e-04	3.061e-03
3.502e-08	9.960e-01	9.157e-04	3.107e-03
3.552e-08	9.959e-01	9.156e-04	3.153e-03
3.602e-08	9.959e-01	9.156e-04	3.199e-03
3.652e-08	9.958e-01	9.155e-04	3.245e-03
3.702e-08	9.958e-01	9.155e-04	3.290e-03
3.752e-08	9.957e-01	9.155e-04	3.336e-03
3.802e-08	9.957e-01	9.154e-04	3.382e-03
3.852e-08	9.957e-01	9.154e-04	3.428e-03
3.902e-08	9.956e-01	9.153e-04	3.473e-03
3.952e-08	9.956e-01	9.153e-04	3.519e-03
4.002e-08	9.955e-01	9.152e-04	3.565e-03
4.052e-08	9.955e-01	9.152e-04	3.611e-03
4.102e-08	9.954e-01	9.152e-04	3.657e-03
4.152e-08	9.954e-01	9.151e-04	3.702e-03
4.202e-08	9.953e-01	9.151e-04	3.748e-03
4.252e-08	9.953e-01	9.150e-04	3.794e-03
4.302e-08	9.952e-01	9.150e-04	3.840e-03
4.352e-08	9.952e-01	9.150e-04	3.885e-03
4.402e-08	9.952e-01	9.149e-04	3.931e-03
4.452e-08	9.951e-01	9.149e-04	3.977e-03
4.502e-08	9.951e-01	9.148e-04	4.023e-03
4.552e-08	9.950e-01	9.148e-04	4.068e-03
4.602e-08	9.950e-01	9.147e-04	4.114e-03
4.652e-08	9.949e-01	9.147e-04	4.160e-03
4.702e-08	9.949e-01	9.147e-04	4.206e-03
4.752e-08	9.948e-01	9.146e-04	4.251e-03
4.802e-08	9.948e-01	9.146e-04	4.297e-03
4.852e-08	9.947e-01	9.145e-04	4.343e-03
4.902e-08	9.947e-01	9.145e-04	4.389e-03
4.952e-08	9.947e-01	9.144e-04	4.434e-03
5.003e-08	9.946e-01	9.144e-04	4.480e-03
5.053e-08	9.946e-01	9.144e-04	4.526e-03
5.103e-08	9.945e-01	9.143e-04	4.572e-03
5.153e-08	9.945e-01	9.143e-04	4.617e-03
5.203e-08	9.944e-01	9.142e-04	4.663e-03
5.253e-08	9.944e-01	9.142e-04	4.709e-03
5.303e-08	9.943e-01	9.142e-04	4.754e-03
5.353e-08	9.943e-01	9.141e-04	4.800e-03
5.403e-08	9.942e-01	9.141e-04	4.846e-03
5.453e-08	9.942e-01	9.140e-04	4.892e-03
5.503e-08	9.941e-01	9.140e-04	4.937e-03
5.553e-08	9.941e-01	9.139e-04	4.983e-03
5.603e-08	9.941e-01	9.139e-04	5.029e-03
5.653e-08	9.940e-01	9.139e-04	5.074e-03
5.703e-08	9.940e-01	9.138e-04	5.120e-03
5.753e-08	9.939e-01	9.138e-04	5.166e-03
5.803e-08	9.939e-01	9.137e-04	5.211e-03
5.853e-08	9.938e-01	9.137e-04	5.257e-03
5.903e-08	9.938e-01	9.137e-04	5.303e-03
5.953e-08	9.937e-01	9.136e-04	5.349e-03
6.003e-08	9.937e-01	9.136e-04	5.394e-03
6.053e-08	9.936e-01	9.135e-04	5.440e-03
6.103e-08	9.936e-01	9.135e-04	5.486e-03
6.153e-08	9.936e-01	9.134e-04	5.531e-03
6.203e-08	9.935e-01	9.134e-04	5.577e-03
6.253e-08	9.935e-01	9.134e-04	5.623e-03
6.303e-08	9.934e-01	9.133e-04	5.668e-03
6.353e-08	9.934e-01	9.133e-04	5.714e-03
6.403e-08	9.933e-01	9.132e-04	5.760e-03
6.453e-08	9.933e-01	9.132e-04	5.805e-03
6.503e-08	9.932e-01	9.131e-04	5.851e-03
6.553e-08	9.932e-01	9.131e-04	5.897e-03
6.603e-08	9.931e-01	9.131e-04	5.942e-03
6.653e-08	9.931e-01	9.130e-04	5.988e-03
6.703e-08	9.931e-01	9.130e-04	6.034e-03
6.753e-08	9.930e-01	9.129e-04	6.079e-03
6.803e-08	9.930e-01	9.129e-04	6.125e-03
6.853e-08	9.929e-01	9.129e-04	6.171e-03
6.903e-08	9.929e-01	9.128e-04	6.216e-03
6.953e-08	9.928e-01	9.128e-04	6.262e-03
7.004e-08	9.928e-01	9.127e-04	6.307e-03
7.054e-08	9.927e-01	9.127e-04	6.353e-03
7.104e-08	9.927e-01	9.126e-04	6.399e-03
7.154e-08	9.926e-01	9.126e-04	6.444e-03
7.204e-08	9.926e-01	9.126e-04	6.490e-03
7.254e-08	9.926e-01	9.125e-04	6.536e-03
7.304e-08	9.925e-01	9.125e-04	6.581e-03
7.354e-08	9.925e-01	9.124e-04	6.627e-03
7.404e-08	9.924e-01	9.124e-04	6.673e-03
7.454e-08	9.924e-01	9.124e-04	6.718e-03
7.504e-08	9.923e-01	9.123e-04	6.764e-03
7.554e-08	9.923e-01	9.123e-04	6.809e-03
7.604e-08	9.922e-01	9.122e-04	6.855e-03
7.654e-08	9.922e-01	9.122e-04	6.901e-03
7.704e-08	9.921e-01	9.121e-04	6.946e-03
7.754e-08	9.921e-01	9.121e-04	6.992e-03
7.804e-08	9.921e-01	9.121e-04	7.037e-03
7.854e-08	9.920e-01	9.120e-04	7.083e-03
7.904e-08	9.920e-01	9.120e-04	7.129e-03
7.954e-08	9.919e-01	9.119e-04	7.174e-03
8.004e-08	9.919e-01	9.119e-04	7.220e-03
8.054e-08	9.918e-01	9.118e-04	7.265e-03
8.104e-08	9.918e-01	9.118e-04	7.311e-03
8.154e-08	9.917e-01	9.118e-04	7.357e-03
8.204e-08	9.917e-01	9.117e-04	7.402e-03
8.254e-08	9.916e-01	9.117e-04	7.448e-03
8.304e-08	9.916e-01	9.116e-04	7.493e-03
8.354e-08	9.915e-01	9.116e-04	7.539e-03
8.404e-08	9.915e-01	9.116e-04	7.585e-03
8.454e-08	9.915e-01	9.115e-04	7.630e-03
8.504e-08	9.914e-01	9.115e-04	7.676e-03
8.554e-08	9.914e-01	9.114e-04	7.721e-03
8.604e-08	9.913e-01	9.114e-04	7.767e-03
8.654e-08	9.913e-01	9.113e-04	7.812e-03
8.704e-08	9.912e-01	9.113e-04	7.858e-03
8.754e-08	9.912e-01	9.113e-04	7.904e-03
8.804e-08	9.911e-01	9.112e-04	7.949e-03
8.854e-08	9.911e-01	9.112e-04	7.995e-03
8.904e-08	9.910e-01	9.111e-04	8.040e-03
8.954e-08	9.910e-01	9.111e-04	8.086e-03
9.005e-08	9.910e-01	9.111e-04	8.131e-03
9.055e-08	9.909e-01	9.110e-04	8.177e-03
9.105e-08	9.909e-01	9.110e-04	8.222e-03
9.155e-08	9.908e-01	9.109e-04	8.268e-03
9.205e-08	9.908e-01	9.109e-04	8.314e-03
9.255e-08	9.907e-01	9.108e-04	8.359e-03
9.305e-08	9.907e-01	9.108e-04	8.405e-03
9.355e-08	9.906e-01	9.108e-04	8.450e-03
9.405e-08	9.906e-01	9.107e-04	8.496e-03
9.455e-08	9.905e-01	9.107e-04	8.541e-03
9.505e-08	9.905e-01	9.106e-04	8.587e-03
9.555e-08	9.905e-01	9.106e-04	8.632e-03
9.605e-08	9.904e-01	9.106e-04	8.678e-03
9.655e-08	9.904e-01	9.105e-04	8.723e-03
9.705e-08	9.903e-01	9.105e-04	8.769e-03
9.755e-08	9.903e-01	9.104e-04	8.814e-03
9.805e-08	9.902e-01	9.104e-04	8.860e-03
9.855e-08	9.902e-01	9.103e-04	8.905e-03
9.905e-08	9.901e-01	9.103e-04	8.951e-03
9.955e-08	9.901e-01	9.103e-04	8.996e-03
1.001e-07	9.900e-01	9.102e-04	9.042e-03
1.006e-07	9.900e-01	9.102e-04	9.087e-03
1.011e-07	9.900e-01	9.101e-04	9.133e-03
1.016e-07	9.899e-01	9.101e-04	9.178e-03
1.021e-07	9.899e-01	9.100e-04	9.224e-03
1.026e-07	9.898e-01	9.100e-04	9.269e-03
1.031e-07	9.898e-01	9.100e-04	9.315e-03
1.036e-07	9.897e-01	9.099e-04	9.360e-03
1.041e-07	9.897e-01	9.099e-04	9.406e-03
1.046e-07	9.896e-01	9.098e-04	9.451e-03
1.051e-07	9.896e-01	9.098e-04	9.497e-03
1.056e-07	9.895e-01	9.098e-04	9.542e-03
1.061e-07	9.895e-01	9.097e-04	9.588e-03
1.066e-07	9.895e-01	9.097e-04	9.633e-03
1.071e-07	9.894e-01	9.096e-04	9.679e-03
1.076e-07	9.894e-01	9.096e-04	9.724e-03
1.081e-07	9.893e-01	9.095e-04	9.770e-03
1.086e-07	9.893e-01	9.095e-04	9.815e-03
1.091e-07	9.892e-01	9.095e-04	9.861e-03
1.096e-07	9.892e-01	9.094e-04	9.906e-03
1.101e-07	9.891e-01	9.094e-04	9.952e-03
1.106e-07	9.891e-01	9.093e-04	9.997e-03
1.111e-07	9.890e-01	9.093e-04	1.004e-02
1.116e-07	9.890e-01	9.093e-04	1.009e-02
1.121e-07	9.890e-01	9.092e-04	1.013e-02
1.126e-07	9.889e-01	9.092e-04	1.018e-02
1.131e-07	9.889e-01	9.091e-04	1.022e-02
1.136e-07	9.888e-01	9.091e-04	1.027e-02
1.141e-07	9.888e-01	9.090e-04	1.032e-02
1.146e-07	9.887e-01	9.090e-04	1.036e-02
1.151e-07	9.887e-01	9.090e-04	1.041e-02
1.156e-07	9.886e-01	9.089e-04	1.045e-02
1.161e-07	9.886e-01	9.089e-04	1.050e-02
1.166e-07	9.885e-01	9.088e-04	1.054e-02
1.171e-07	9.885e-01	9.088e-04	1.059e-02
1.176e-07	9.885e-01	9.088e-04	1.063e-02
1.181e-07	9.884e-01	9.087e-04	1.068e-02
1.186e-07	9.884e-01	9.087e-04	1.072e-02
1.191e-07	9.883e-01	9.086e-04	1.077e-02
1.196e-07	9.883e-01	9.086e-04	1.082e-02
1.201e-07	9.882e-01	9.085e-04	1.086e-02
1.206e-07	9.882e-01	9.085e-04	1.091e-02
1.211e-07	9.881e-01	9.085e-04	1.095e-02
1.216e-07	9.881e-01	9.084e-04	1.100e-02
1.221e-07	9.880e-01	9.084e-04	1.104e-02
1.226e-07	9.880e-01	9.083e-04	1.109e-02
1.231e-07	9.880e-01	9.083e-04	1.113e-02
1.236e-07	9.879e-01	9.083e-04	1.118e-02
1.241e-07	9.879e-01	9.082e-04	1.122e-02
1.246e-07	9.878e-01	9.082e-04	1.127e-02
1.251e-07	9.878e-01	9.081e-04	1.131e-02
1.256e-07	9.877e-01	9.081e-04	1.136e-02
1.261e-07	9.877e-01	9.080e-04	1.141e-02
1.266e-07	9.876e-01	9.080e-04	1.145e-02
1.271e-07	9.876e-01	9.080e-04	1.150e-02
1.276e-07	9.876e-01	9.079e-04	1.154e-02
1.281e-07	9.875e-01	9.079e-04	1.159e-02
1.286e-07	9.875e-01	9.078e-04	1.163e-02
1.291e-07	9.874e-01	9.078e-04	1.168e-02
1.296e-07	9.874e-01	9.078e-04	1.172e-02
1.301e-07	9.873e-01	9.077e-04	1.177e-02
1.306e-07	9.873e-01	9.077e-04	1.181e-02
1.311e-07	9.872e-01	9.076e-04	1.186e-02
1.316e-07	9.872e-01	9.076e-04	1.190e-02
1.321e-07	9.871e-01	9.075e-04	1.195e-02
1.326e-07	9.871e-01	9.075e-04	1.200e-02
1.331e-07	9.871e-01	9.075e-04	1.204e-02
1.336e-07	9.870e-01	9.074e-04	1.209e-02
1.341e-07	9.870e-01	9.074e-04	1.213e-02
1.346e-07	9.869e-01	9.073e-04	1.218e-02
1.351e-07	9.869e-01	9.073e-04	1.222e-02
1.356e-07	9.868e-01	9.073e-04	1.227e-02
1.361e-07	9.868e-01	9.072e-04	1.231e-02
1.366e-07	9.867e-01	9.072e-04	1.236e-02
1.371e-07	9.867e-01	9.071e-04	1.240e-02
1.376e-07	9.866e-01	9.071e-04	1.245e-02
1.381e-07	9.866e-01	9.070e-04	1.249e-02
1.386e-07	9.866e-01	9.070e-04	1.254e-02
1.391e-07	9.865e-01	9.070e-04	1.258e-02
1.396e-07	9.865e-01	9.069e-04	1.263e-02
1.401e-07	9.864e-01	9.069e-04	1.268e-02
1.406e-07	9.864e-01	9.068e-04	1.272e-02
1.411e-07	9.863e-01	9.068e-04	1.277e-02
1.416e-07	9.863e-01	9.068e-04	1.281e-02
1.421e-07	9.862e-01	9.067e-04	1.286e-02
1.426e-07	9.862e-01	9.067e-04	1.290e-02
1.431e-07	9.861e-01	9.066e-04	1.295e-02
1.436e-07	9.861e-01	9.066e-04	1.299e-02
1.441e-07	9.861e-01	9.065e-04	1.304e-02
1.446e-07	9.860e-01	9.065e-04	1.308e-02
1.451e-07	9.860e-01	9.065e-04	1.313e-02
1.456e-07	9.859e-01	9.064e-04	1.317e-02
1.461e-07	9.859e-01	9.064e-04	1.322e-02
1.466e-07	9.858e-01	9.063e-04	1.326e-02
1.471e-07	9.858e-01	9.063e-04	1.331e-02
1.476e-07	9.857e-01	9.063e-04	1.336e-02
1.481e-07	9.857e-01	9.062e-04	1.340e-02
1.486e-07	9.856e-01	9.062e-04	1.345e-02
1.491e-07	9.856e-01	9.061e-04	1.349e-02
1.496e-07	9.856e-01	9.061e-04	1.354e-02
1.501e-07	9.855e-01	9.060e-04	1.358e-02
1.506e-07	9.855e-01	9.060e-04	1.363e-02
1.511e-07	9.854e-01	9.060e-04	1.367e-02
1.516e-07	9.854e-01	9.059e-04	1.372e-02
1.521e-07	9.853e-01	9.059e-04	1.376e-02
1.526e-07	9.853e-01	9.058e-04	1.381e-02
1.531e-07	9.852e-01	9.058e-04	1.385e-02
1.536e-07	9.852e-01	9.058e-04	1.390e-02
1.541e-07	9.852e-01	9.057e-04	1.394e-02
1.546e-07	9.851e-01	9.057e-04	1.399e-02
1.551e-07	9.851e-01	9.056e-04	1.403e-02
1.556e-07	9.850e-01	9.056e-04	1.408e-02
1.561e-07	9.850e-01	9.055e-04	1.412e-02
1.566e-07	9.849e-01	9.055e-04	1.417e-02
1.571e-07	9.849e-01	9.055e-04	1.422e-02
1.576e-07	9.848e-01	9.054e-04	1.426e-02
1.581e-07	9.848e-01	9.054e-04	1.431e-02
1.586e-07	9.847e-01	9.053e-04	1.435e-02
1.591e-07	9.847e-01	9.053e-04	1.440e-02
1.596e-07	9.847e-01	9.053e-04	1.444e-02
1.601e-07	9.846e-01	9.052e-04	1.449e-02
1.606e-07	9.846e-01	9.052e-04	1.453e-02
1.611e-07	9.845e-01	9.051e-04	1.458e-02
1.616e-07	9.845e-01	9.051e-04	1.462e-02
1.621e-07	9.844e-01	9.050e-04	1.467e-02
1.626e-07	9.844e-01	9.050e-04	1.471e-02
1.631e-07	9.843e-01	9.050e-04	1.476e-02
1.636e-07	9.843e-01	9.049e-04	1.480e-02
1.641e-07	9.842e-01	9.049e-04	1.485e-02
1.646e-07	9.842e-01	9.048e-04	1.489e-02
1.651e-07	9.842e-01	9.048e-04	1.494e-02
1.656e-07	9.841e-01	9.048e-04	1.498e-02
1.661e-07	9.841e-01	9.047e-04	1.503e-02
1.666e-07	9.840e-01	9.047e-04	1.507e-02
1.671e-07	9.840e-01	9.046e-04	1.512e-02
1.676e-07	9.839e-01	9.046e-04	1.517e-02
1.681e-07	9.839e-01	9.045e-04	1.521e-02
1.686e-07	9.838e-01	9.045e-04	1.526e-02
1.691e-07	9.838e-01	9.045e-04	1.530e-02
1.696e-07	9.837e-01	9.044e-04	1.535e-02
1.701e-07	9.837e-01	9.044e-04	1.539e-02
1.706e-07	9.837e-01	9.043e-04	1.544e-02
1.711e-07	9.836e-01	9.043e-04	1.548e-02
1.716e-07	9.836e-01	9.043e-04	1.553e-02
1.721e-07	9.835e-01	9.042e-04	1.557e-02
1.726e-07	9.835e-01	9.042e-04	1.562e-02
1.731e-07	9.834e-01	9.041e-04	1.566e-02
1.736e-07	9.834e-01	9.041e-04	1.571e-02
1.741e-07	9.833e-01	9.041e-04	1.575e-02
1.746e-07	9.833e-01	9.040e-04	1.580e-02
1.751e-07	9.833e-01	9.040e-04	1.584e-02
1.756e-07	9.832e-01	9.039e-04	1.589e-02
1.761e-07	9.832e-01	9.039e-04	1.593e-02
1.766e-07	9.831e-01	9.038e-04	1.598e-02
1.771e-07	9.831e-01	9.038e-04	1.602e-02
1.776e-07	9.830e-01	9.038e-04	1.607e-02
1.781e-07	9.830e-01	9.037e-04	1.611e-02
1.786e-07	9.829e-01	9.037e-04	1.616e-02
1.791e-07	9.829e-01	9.036e-04	1.620e-02
1.796e-07	9.828e-01	9.036e-04	1.625e-02
1.801e-07	9.828e-01	9.036e-04	1.629e-02
1.806e-07	9.828e-01	9.035e-04	1.634e-02
1.811e-07	9.827e-01	9.035e-04	1.639e-02
1.816e-07	9.827e-01	9.034e-04	1.643e-02
1.821e-07	9.826e-01	9.034e-04	1.648e-02
1.826e-07	9.826e-01	9.033e-04	1.652e-02
1.831e-07	9.825e-01	9.033e-04	1.657e-02
1.836e-07	9.825e-01	9.033e-04	1.661e-02
1.841e-07	9.824e-01	9.032e-04	1.666e-02
1.846e-07	9.824e-01	9.032e-04	1.670e-02
1.851e-07	9.824e-01	9.031e-04	1.675e-02
1.856e-07	9.823e-01	9.031e-04	1.679e-02
1.861e-07	9.823e-01	9.031e-04	1.684e-02
1.866e-07	9.822e-01	9.030e-04	1.688e-02
1.871e-07	9.822e-01	9.030e-04	1.693e-02
1.876e-07	9.821e-01	9.029e-04	1.697e-02
1.881e-07	9.821e-01	9.029e-04	1.702e-02
1.886e-07	9.820e-01	9.028e-04	1.706e-02
1.891e-07	9.820e-01	9.028e-04	1.711e-02
1.896e-07	9.819e-01	9.028e-04	1.715e-02
1.901e-07	9.819e-01	9.027e-04	1.720e-02
1.906e-07	9.819e-01	9.027e-04	1.724e-02
1.911e-07	9.818e-01	9.026e-04	1.729e-02
1.916e-07	9.818e-01	9.026e-04	1.733e-02
1.921e-07	9.817e-01	9.026e-04	1.738e-02
1.926e-07	9.817e-01	9.025e-04	1.742e-02
1.931e-07	9.816e-01	9.025e-04	1.747e-02
1.936e-07	9.816e-01	9.024e-04	1.751e-02
1.941e-07	9.815e-01	9.024e-04	1.756e-02
1.946e-07	9.815e-01	9.024e-04	1.760e-02
1.951e-07	9.814e-01	9.023e-04	1.765e-02
1.956e-07	9.814e-01	9.023e-04	1.769e-02
1.961e-07	9.814e-01	9.022e-04	1.774e-02
1.966e-07	9.813e-01	9.022e-04	1.778e-02
1.971e-07	9.813e-01	9.021e-04	1.783e-02
1.976e-07	9.812e-01	9.021e-04	1.787e-02
1.981e-07	9.812e-01	9.021e-04	1.792e-02
1.986e-07	9.811e-01	9.020e-04	1.796e-02
1.991e-07	9.811e-01	9.020e-04	1.801e-02
1.996e-07	9.810e-01	9.019e-04	1.805e-02
2.001e-07	9.810e-01	9.019e-04	1.810e-02
2.006e-07	9.810e-01	9.019e-04	1.814e-02
2.011e-07	9.809e-01	9.018e-04	1.819e-02
2.016e-07	9.809e-01	9.018e-04	1.823e-02
2.021e-07	9.808e-01	9.017e-04	1.828e-02
2.026e-07	9.808e-01	9.017e-04	1.832e-02
2.031e-07	9.807e-01	9.016e-04	1.837e-02
2.036e-07	9.807e-01	9.016e-04	1.841e-02
2.041e-07	9.806e-01	9.016e-04	1.846e-02
2.046e-07	9.806e-01	9.015e-04	1.850e-02
2.051e-07	9.805e-01	9.015e-04	1.855e-02
2.056e-07	9.805e-01	9.014e-04	1.859e-02
2.061e-07	9.805e-01	9.014e-04	1.864e-02
2.066e-07	9.804e-01	9.014e-04	1.868e-02
2.071e-07	9.804e-01	9.013e-04	1.873e-02
2.076e-07	9.803e-01	9.013e-04	1.877e-02
2.081e-07	9.803e-01	9.012e-04	1.882e-02
2.086e-07	9.802e-01	9.012e-04	1.887e-02
2.091e-07	9.802e-01	9.012e-04	1.891e-02
2.096e-07	9.801e-01	9.011e-04	1.896e-02
2.101e-07	9.801e-01	9.011e-04	1.900e-02
2.106e-07	9.801e-01	9.010e-04	1.905e-02
2.111e-07	9.800e-01	9.010e-04	1.909e-02
2.116e-07	9.800e-01	9.009e-04	1.914e-02
2.121e-07	9.799e-01	9.009e-04	1.918e-02
2.126e-07	9.799e-01	9.009e-04	1.923e-02
2.131e-07	9.798e-01	9.008e-04	1.927e-02
2.136e-07	9.798e-01	9.008e-04	1.932e-02
2.141e-07	9.797e-01	9.007e-04	1.936e-02
2.146e-07	9.797e-01	9.007e-04	1.941e-02
2.151e-07	9.796e-01	9.007e-04	1.945e-02
2.156e-07	9.796e-01	9.006e-04	1.950e-02
2.161e-07	9.796e-01	9.006e-04	1.954e-02
2.166e-07	9.795e-01	9.005e-04	1.959e-02
2.171e-07	9.795e-01	9.005e-04	1.963e-02
2.176e-07	9.794e-01	9.004e-04	1.968e-02
2.181e-07	9.794e-01	9.004e-04	1.972e-02
2.186e-07	9.793e-01	9.004e-04	1.977e-02
2.191e-07	9.793e-01	9.003e-04	1.981e-02
2.196e-07	9.792e-01	9.003e-04	1.986e-02
2.201e-07	9.792e-01	9.002e-04	1.990e-02
2.206e-07	9.792e-01	9.002e-04	1.995e-02
2.211e-07	9.791e-01	9.002e-04	1.999e-02
2.216e-07	9.791e-01	9.001e-04	2.004e-02
2.221e-07	9.790e-01	9.001e-04	2.008e-02
2.226e-07	9.790e-01	9.000e-04	2.012e-02
2.231e-07	9.789e-01	9.000e-04	2.017e-02
2.236e-07	9.789e-01	9.000e-04	2.021e-02
2.241e-07	9.788e-01	8.999e-04	2.026e-02
2.246e-07	9.788e-01	8.999e-04	2.030e-02
2.251e-07	9.788e-01	8.998e-04	2.035e-02
2.256e-07	9.787e-01	8.998e-04	2.039e-02
2.261e-07	9.787e-01	8.997e-04	2.044e-02
2.266e-07	9.786e-01	8.997e-04	2.048e-02
2.271e-07	9.786e-01	8.997e-04	2.053e-02
2.276e-07	9.785e-01	8.996e-04	2.057e-02
2.281e-07	9.785e-01	8.996e-04	2.062e-02
2.286e-07	9.784e-01	8.995e-04	2.066e-02
2.291e-07	9.784e-01	8.995e-04	2.071e-02
2.296e-07	9.783e-01	8.995e-04	2.075e-02
2.301e-07	9.783e-01	8.994e-04	2.080e-02
2.306e-07	9.783e-01	8.994e-04	2.084e-02
2.311e-07	9.782e-01	8.993e-04	2.089e-02
2.316e-07	9.782e-01	8.993e-04	2.093e-02
2.321e-07	9.781e-01	8.993e-04	2.098e-02
2.326e-07	9.781e-01	8.992e-04	2.102e-02
2.331e-07	9.780e-01	8.992e-04	2.107e-02
2.336e-07	9.780e-01	8.991e-04	2.111e-02
2.341e-07	9.779e-01	8.991e-04	2.116e-02
2.346e-07	9.779e-01	8.990e-04	2.120e-02
2.351e-07	9.779e-01	8.990e-04	2.125e-02
2.356e-07	9.778e-01	8.990e-04	2.129e-02
2.361e-07	9.778e-01	8.989e-04	2.134e-02
2.366e-07	9.777e-01	8.989e-04	2.138e-02
2.371e-07	9.777e-01	8.988e-04	2.143e-02
2.376e-07	9.776e-01	8.988e-04	2.147e-02
2.381e-07	9.776e-01	8.988e-04	2.152e-02
2.386e-07	9.775e-01	8.987e-04	2.156e-02
2.391e-07	9.775e-01	8.987e-04	2.161e-02
2.396e-07	9.774e-01	8.986e-04	2.165e-02
2.401e-07	9.774e-01	8.986e-04	2.170e-02
2.406e-07	9.774e-01	8.985e-04	2.174e-02
2.411e-07	9.773e-01	8.985e-04	2.179e-02
2.416e-07	9.773e-01	8.985e-04	2.183e-02
2.421e-07	9.772e-01	8.984e-04	2.188e-02
2.426e-07	9.772e-01	8.984e-04	2.192e-02
2.431e-07	9.771e-01	8.983e-04	2.197e-02
2.436e-07	9.771e-01	8.983e-04	2.201e-02
2.441e-07	9.770e-01	8.983e-04	2.206e-02
2.446e-07	9.770e-01	8.982e-04	2.210e-02
2.451e-07	9.770e-01	8.982e-04	2.215e-02
2.456e-07	9.769e-01	8.981e-04	2.219e-02
2.461e-07	9.769e-01	8.981e-04	2.224e-02
2.466e-07	9.768e-01	8.981e-04	2.228e-02
2.471e-07	9.768e-01	8.980e-04	2.233e-02
2.476e-07	9.767e-01	8.980e-04	2.237e-02
2.481e-07	9.767e-01	8.979e-04	2.242e-02
2.486e-07	9.766e-01	8.979e-04	2.246e-02
2.491e-07	9.766e-01	8.978e-04	2.251e-02
2.496e-07	9.766e-01	8.978e-04	2.255e-02
2.501e-07	9.765e-01	8.978e-04	2.259e-02
2.506e-07	9.765e-01	8.977e-04	2.264e-02
2.511e-07	9.764e-01	8.977e-04	2.268e-02
2.516e-07	9.764e-01	8.976e-04	2.273e-02
2.521e-07	9.763e-01	8.976e-04	2.277e-02
2.526e-07	9.763e-01	8.976e-04	2.282e-02
2.531e-07	9.762e-01	8.975e-04	2.286e-02
2.536e-07	9.762e-01	8.975e-04	2.291e-02
2.541e-07	9.761e-01	8.974e-04	2.295e-02
2.546e-07	9.761e-01	8.974e-04	2.300e-02
2.551e-07	9.761e-01	8.974e-04	2.304e-02
2.556e-07	9.760e-01	8.973e-04	2.309e-02
2.561e-07	9.760e-01	8.973e-04	2.313e-02
2.566e-07	9.759e-01	8.972e-04	2.318e-02
2.571e-07	9.759e-01	8.972e-04	2.322e-02
2.576e-07	9.758e-01	8.971e-04	2.327e-02
2.581e-07	9.758e-01	8.971e-04	2.331e-02
2.586e-07	9.757e-01	8.971e-04	2.336e-02
2.591e-07	9.757e-01	8.970e-04	2.340e-02
2.596e-07	9.757e-01	8.970e-04	2.345e-02
2.601e-07	9.756e-01	8.969e-04	2.349e-02
2.606e-07	9.756e-01	8.969e-04	2.354e-02
2.611e-07	9.755e-01	8.969e-04	2.358e-02
2.616e-07	9.755e-01	8.968e-04	2.363e-02
2.621e-07	9.754e-01	8.968e-04	2.367e-02
2.626e-07	9.754e-01	8.967e-04	2.372e-02
2.631e-07	9.753e-01	8.967e-04	2.376e-02
2.636e-07	9.753e-01	8.967e-04	2.380e-02
2.641e-07	9.753e-01	8.966e-04	2.385e-02
2.646e-07	9.752e-01	8.966e-04	2.389e-02
2.651e-07	9.752e-01	8.965e-04	2.394e-02
2.656e-07	9.751e-01	8.965e-04	2.398e-02
2.661e-07	9.751e-01	8.964e-04	2.403e-02
2.666e-07	9.750e-01	8.964e-04	2.407e-02
2.671e-07	9.750e-01	8.964e-04	2.412e-02
2.676e-07	9.749e-01	8.963e-04	2.416e-02
2.681e-07	9.749e-01	8.963e-04	2.421e-02
2.686e-07	9.749e-01	8.962e-04	2.425e-02
2.691e-07	9.748e-01	8.962e-04	2.430e-02
2.696e-07	9.748e-01	8.962e-04	2.434e-02
2.701e-07	9.747e-01	8.961e-04	2.439e-02
2.706e-07	9.747e-01	8.961e-04	2.443e-02
2.711e-07	9.746e-01	8.960e-04	2.448e-02
2.716e-07	9.746e-01	8.960e-04	2.452e-02
2.721e-07	9.745e-01	8.960e-04	2.457e-02
2.726e-07	9.745e-01	8.959e-04	2.461e-02
2.731e-07	9.744e-01	8.959e-04	2.466e-02
2.736e-07	9.744e-01	8.958e-04	2.470e-02
2.741e-07	9.744e-01	8.958e-04	2.474e-02
2.746e-07	9.743e-01	8.958e-04	2.479e-02
2.751e-07	9.743e-01	8.957e-04	2.483e-02
2.756e-07	9.742e-01	8.957e-04	2.488e-02
2.761e-07	9.742e-01	8.956e-04	2.492e-02
2.766e-07	9.741e-01	8.956e-04	2.497e-02
2.771e-07	9.741e-01	8.955e-04	2.501e-02
2.776e-07	9.740e-01	8.955e-04	2.506e-02
2.781e-07	9.740e-01	8.955e-04	2.510e-02
2.786e-07	9.740e-01	8.954e-04	2.515e-02
2.791e-07	9.739e-01	8.954e-04	2.519e-02
2.796e-07	9.739e-01	8.953e-04	2.524e-02
2.801e-07	9.738e-01	8.953e-04	2.528e-02
2.806e-07	9.738e-01	8.953e-04	2.533e-02
2.811e-07	9.737e-01	8.952e-04	2.537e-02
2.816e-07	9.737e-01	8.952e-04	2.542e-02
2.821e-07	9.736e-01	8.951e-04	2.546e-02
2.826e-07	9.736e-01	8.951e-04	2.551e-02
2.831e-07	9.736e-01	8.951e-04	2.555e-02
2.836e-07	9.735e-01	8.950e-04	2.559e-02
2.841e-07	9.735e-01	8.950e-04	2.564e-02
2.846e-07	9.734e-01	8.949e-04	2.568e-02
2.851e-07	9.734e-01	8.949e-04	2.573e-02
2.856e-07	9.733e-01	8.948e-04	2.577e-02
2.861e-07	9.733e-01	8.948e-04	2.582e-02
2.866e-07	9.732e-01	8.948e-04	2.586e-02
2.871e-07	9.732e-01	8.947e-04	2.591e-02
2.876e-07	9.732e-01	8.947e-04	2.595e-02
2.881e-07	9.731e-01	8.946e-04	2.600e-02
2.886e-07	9.731e-01	8.946e-04	2.604e-02
2.891e-07	9.730e-01	8.946e-04	2.609e-02
2.896e-07	9.730e-01	8.945e-04	2.613e-02
2.901e-07	9.729e-01	8.945e-04	2.618e-02
2.906e-07	9.729e-01	8.944e-04	2.622e-02
2.911e-07	9.728e-01	8.944e-04	2.626e-02
2.916e-07	9.728e-01	8.944e-04	2.631e-02
2.921e-07	9.728e-01	8.943e-04	2.635e-02
2.926e-07	9.727e-01	8.943e-04	2.640e-02
2.931e-07	9.727e-01	8.942e-04	2.644e-02
2.936e-07	9.726e-01	8.942e-04	2.649e-02
2.941e-07	9.726e-01	8.941e-04	2.653e-02
2.946e-07	9.725e-01	8.941e-04	2.658e-02
2.951e-07	9.725e-01	8.941e-04	2.662e-02
2.956e-07	9.724e-01	8.940e-04	2.667e-02
2.961e-07	9.724e-01	8.940e-04	2.671e-02
2.966e-07	9.724e-01	8.939e-04	2.676e-02
2.971e-07	9.723e-01	8.939e-04	2.680e-02
2.976e-07	9.723e-01	8.939e-04	2.685e-02
2.981e-07	9.722e-01	8.938e-04	2.689e-02
2.986e-07	9.722e-01	8.938e-04	2.693e-02
2.991e-07	9.721e-01	8.937e-04	2.698e-02
2.996e-07	9.721e-01	8.937e-04	2.702e-02
3.002e-07	9.720e-01	8.937e-04	2.707e-02
3.007e-07	9.720e-01	8.936e-04	2.711e-02
3.012e-07	9.719e-01	8.936e-04	2.716e-02
3.017e-07	9.719e-01	8.935e-04	2.720e-02
3.022e-07	9.719e-01	8.935e-04	2.725e-02
3.027e-07	9.718e-01	8.935e-04	2.729e-02
3.032e-07	9.718e-01	8.934e-04	2.734e-02
3.037e-07	9.717e-01	8.934e-04	2.738e-02
3.042e-07	9.717e-01	8.933e-04	2.743e-02
3.047e-07	9.716e-01	8.933e-04	2.747e-02
3.052e-07	9.716e-01	8.932e-04	2.751e-02
3.057e-07	9.715e-01	8.932e-04	2.756e-02
3.062e-07	9.715e-01	8.932e-04	2.760e-02
3.067e-07	9.715e-01	8.931e-04	2.765e-02
3.072e-07	9.714e-01	8.931e-04	2.769e-02
3.077e-07	9.714e-01	8.930e-04	2.774e-02
3.082e-07	9.713e-01	8.930e-04	2.778e-02
3.087e-07	9.713e-01	8.930e-04	2.783e-02
3.092e-07	9.712e-01	8.929e-04	2.787e-02
3.097e-07	9.712e-01	8.929e-04	2.792e-02
3.102e-07	9.711e-01	8.928e-04	2.796e-02
3.107e-07	9.711e-01	8.928e-04	2.801e-02
3.112e-07	9.711e-01	8.928e-04	2.805e-02
3.117e-07	9.710e-01	8.927e-04	2.809e-02
3.122e-07	9.710e-01	8.927e-04	2.814e-02
3.127e-07	9.709e-01	8.926e-04	2.818e-02
3.132e-07	9.709e-01	8.926e-04	2.823e-02
3.137e-07	9.708e-01	8.926e-04	2.827e-02
3.142e-07	9.708e-01	8.925e-04	2.832e-02
3.147e-07	9.707e-01	8.925e-04	2.836e-02
3.152e-07	9.707e-01	8.924e-04	2.841e-02
3.157e-07	9.707e-01	8.924e-04	2.845e-02
3.162e-07	9.706e-01	8.923e-04	2.850e-02
3.167e-07	9.706e-01	8.923e-04	2.854e-02
3.172e-07	9.705e-01	8.923e-04	2.858e-02
3.177e-07	9.705e-01	8.922e-04	2.863e-02
3.182e-07	9.704e-01	8.922e-04	2.867e-02
3.187e-07	9.704e-01	8.921e-04	2.872e-02
3.192e-07	9.703e-01	8.921e-04	2.876e-02
3.197e-07	9.703e-01	8.921e-04	2.881e-02
3.202e-07	9.703e-01	8.920e-04	2.885e-02
3.207e-07	9.702e-01	8.920e-04	2.890e-02
3.212e-07	9.702e-01	8.919e-04	2.894e-02
3.217e-07	9.701e-01	8.919e-04	2.899e-02
3.222e-07	9.701e-01	8.919e-04	2.903e-02
3.227e-07	9.700e-01	8.918e-04	2.907e-02
3.232e-07	9.700e-01	8.918e-04	2.912e-02
3.237e-07	9.699e-01	8.917e-04	2.916e-02
3.242e-07	9.699e-01	8.917e-04	2.921e-02
3.247e-07	9.699e-01	8.917e-04	2.925e-02
3.252e-07	9.698e-01	8.916e-04	2.930e-02
3.257e-07	9.698e-01	8.916e-04	2.934e-02
3.262e-07	9.697e-01	8.915e-04	2.939e-02
3.267e-07	9.697e-01	8.915e-04	2.943e-02
3.272e-07	9.696e-01	8.914e-04	2.948e-02
3.277e-07	9.696e-01	8.914e-04	2.952e-02
3.282e-07	9.695e-01	8.914e-04	2.956e-02
3.287e-07	9.695e-01	8.913e-04	2.961e-02
3.292e-07	9.695e-01	8.913e-04	2.965e-02
3.297e-07	9.694e-01	8.912e-04	2.970e-02
3.302e-07	9.694e-01	8.912e-04	2.974e-02
3.307e-07	9.693e-01	8.912e-04	2.979e-02
3.312e-07	9.693e-01	8.911e-04	2.983e-02
3.317e-07	9.692e-01	8.911e-04	2.988e-02
3.322e-07	9.692e-01	8.910e-04	2.992e-02
3.327e-07	9.691e-01	8.910e-04	2.996e-02
3.332e-07	9.691e-01	8.910e-04	3.001e-02
3.337e-07	9.691e-01	8.909e-04	3.005e-02
3.342e-07	9.690e-01	8.909e-04	3.010e-02
3.347e-07	9.690e-01	8.908e-04	3.014e-02
3.352e-07	9.689e-01	8.908e-04	3.019e-02
3.357e-07	9.689e-01	8.908e-04	3.023e-02
3.362e-07	9.688e-01	8.907e-04	3.028e-02
3.367e-07	9.688e-01	8.907e-04	3.032e-02
3.372e-07	9.687e-01	8.906e-04	3.036e-02
3.377e-07	9.687e-01	8.906e-04	3.041e-02
3.382e-07	9.687e-01	8.905e-04	3.045e-02
3.387e-07	9.686e-01	8.905e-04	3.050e-02
3.392e-07	9.686e-01	8.905e-04	3.054e-02
3.397e-07	9.685e-01	8.904e-04	3.059e-02
3.402e-07	9.685e-01	8.904e-04	3.063e-02
3.407e-07	9.684e-01	8.903e-04	3.068e-02
3.412e-07	9.684e-01	8.903e-04	3.072e-02
3.417e-07	9.683e-01	8.903e-04	3.077e-02
3.422e-07	9.683e-01	8.902e-04	3.081e-02
3.427e-07	9.683e-01	8.902e-04	3.085e-02
3.432e-07	9.682e-01	8.901e-04	3.090e-02
3.437e-07	9.682e-01	8.901e-04	3.094e-02
3.442e-07	9.681e-01	8.901e-04	3.099e-02
3.447e-07	9.681e-01	8.900e-04	3.103e-02
3.452e-07	9.680e-01	8.900e-04	3.108e-02
3.457e-07	9.680e-01	8.899e-04	3.112e-02
3.462e-07	9.679e-01	8.899e-04	3.117e-02
3.467e-07	9.679e-01	8.899e-04	3.121e-02
3.472e-07	9.679e-01	8.898e-04	3.125e-02
3.477e-07	9.678e-01	8.898e-04	3.130e-02
3.482e-07	9.678e-01	8.897e-04	3.134e-02
3.487e-07	9.677e-01	8.897e-04	3.139e-02
3.492e-07	9.677e-01	8.897e-04	3.143e-02
3.497e-07	9.676e-01	8.896e-04	3.148e-02
3.502e-07	9.676e-01	8.896e-04	3.152e-02
3.507e-07	9.675e-01	8.895e-04	3.156e-02
3.512e-07	9.675e-01	8.895e-04	3.161e-02
3.517e-07	9.675e-01	8.894e-04	3.165e-02
3.522e-07	9.674e-01	8.894e-04	3.170e-02
3.527e-07	9.674e-01	8.894e-04	3.174e-02
3.532e-07	9.673e-01	8.893e-04	3.179e-02
3.537e-07	9.673e-01	8.893e-04	3.183e-02
3.542e-07	9.672e-01	8.892e-04	3.188e-02
3.547e-07	9.672e-01	8.892e-04	3.192e-02
3.552e-07	9.671e-01	8.892e-04	3.196e-02
3.557e-07	9.671e-01	8.891e-04	3.201e-02
3.562e-07	9.671e-01	8.891e-04	3.205e-02
3.567e-07	9.670e-01	8.890e-04	3.210e-02
3.572e-07	9.670e-01	8.890e-04	3.214e-02
3.577e-07	9.669e-01	8.890e-04	3.219e-02
3.582e-07	9.669e-01	8.889e-04	3.223e-02
3.587e-07	9.668e-01	8.889e-04	3.228e-02
3.592e-07	9.668e-01	8.888e-04	3.232e-02
3.597e-07	9.667e-01	8.888e-04	3.236e-02
3.602e-07	9.667e-01	8.888e-04	3.241e-02
3.607e-07	9.667e-01	8.887e-04	3.245e-02
3.612e-07	9.666e-01	8.887e-04	3.250e-02
3.617e-07	9.666e-01	8.886e-04	3.254e-02
3.622e-07	9.665e-01	8.886e-04	3.259e-02
3.627e-07	9.665e-01	8.885e-04	3.263e-02
3.632e-07	9.664e-01	8.885e-04	3.267e-02
3.637e-07	9.664e-01	8.885e-04	3.272e-02
3.642e-07	9.663e-01	8.884e-04	3.276e-02
3.647e-07	9.663e-01	8.884e-04	3.281e-02
3.652e-07	9.663e-01	8.883e-04	3.285e-02
3.657e-07	9.662e-01	8.883e-04	3.290e-02
3.662e-07	9.662e-01	8.883e-04	3.294e-02
3.667e-07	9.661e-01	8.882e-04	3.298e-02
3.672e-07	9.661e-01	8.882e-04	3.303e-02
3.677e-07	9.660e-01	8.881e-04	3.307e-02
3.682e-07	9.660e-01	8.881e-04	3.312e-02
3.687e-07	9.659e-01	8.881e-04	3.316e-02
3.692e-07	9.659e-01	8.880e-04	3.321e-02
3.697e-07	9.659e-01	8.880e-04	3.325e-02
3.702e-07	9.658e-01	8.879e-04	3.330e-02
3.707e-07	9.658e-01	8.879e-04	3.334e-02
3.712e-07	9.657e-01	8.879e-04	3.338e-02
3.717e-07	9.657e-01	8.878e-04	3.343e-02
3.722e-07	9.656e-01	8.878e-04	3.347e-02
3.727e-07	9.656e-01	8.877e-04	3.352e-02
3.732e-07	9.656e-01	8.877e-04	3.356e-02
3.737e-07	9.655e-01	8.877e-04	3.361e-02
3.742e-07	9.655e-01	8.876e-04	3.365e-02
3.747e-07	9.654e-01	8.876e-04	3.369e-02
3.752e-07	9.654e-01	8.875e-04	3.374e-02
3.757e-07	9.653e-01	8.875e-04	3.378e-02
3.762e-07	9.653e-01	8.874e-04	3.383e-02
3.767e-07	9.652e-01	8.874e-04	3.387e-02
3.772e-07	9.652e-01	8.874e-04	3.392e-02
3.777e-07	9.652e-01	8.873e-04	3.396e-02
3.782e-07	9.651e-01	8.873e-04	3.400e-02
3.787e-07	9.651e-01	8.872e-04	3.405e-02
3.792e-07	9.650e-01	8.872e-04	3.409e-02
3.797e-07	9.650e-01	8.872e-04	3.414e-02
3.802e-07	9.649e-01	8.871e-04	3.418e-02
3.807e-07	9.649e-01	8.871e-04	3.423e-02
3.812e-07	9.648e-01	8.870e-04	3.427e-02
3.817e-07	9.648e-01	8.870e-04	3.431e-02
3.822e-07	9.648e-01	8.870e-04	3.436e-02
3.827e-07	9.647e-01	8.869e-04	3.440e-02
3.832e-07	9.647e-01	8.869e-04	3.445e-02
3.837e-07	9.646e-01	8.868e-04	3.449e-02
3.842e-07	9.646e-01	8.868e-04	3.454e-02
3.847e-07	9.645e-01	8.868e-04	3.458e-02
3.852e-07	9.645e-01	8.867e-04	3.462e-02
3.857e-07	9.644e-01	8.867e-04	3.467e-02
3.862e-07	9.644e-01	8.866e-04	3.471e-02
3.867e-07	9.644e-01	8.866e-04	3.476e-02
3.872e-07	9.643e-01	8.866e-04	3.480e-02
3.877e-07	9.643e-01	8.865e-04	3.485e-02
3.882e-07	9.642e-01	8.865e-04	3.489e-02
3.887e-07	9.642e-01	8.864e-04	3.493e-02
3.892e-07	9.641e-01	8.864e-04	3.498e-02
3.897e-07	9.641e-01	8.864e-04	3.502e-02
3.902e-07	9.640e-01	8.863e-04	3.507e-02
3.907e-07	9.640e-01	8.863e-04	3.511e-02
3.912e-07	9.640e-01	8.862e-04	3.515e-02
3.917e-07	9.639e-01	8.862e-04	3.520e-02
3.922e-07	9.639e-01	8.861e-04	3.524e-02
3.927e-07	9.638e-01	8.861e-04	3.529e-02
3.932e-07	9.638e-01	8.861e-04	3.533e-02
3.937e-07	9.637e-01	8.860e-04	3.538e-02
3.942e-07	9.637e-01	8.860e-04	3.542e-02
3.947e-07	9.636e-01	8.859e-04	3.546e-02
3.952e-07	9.636e-01	8.859e-04	3.551e-02
3.957e-07	9.636e-01	8.859e-04	3.555e-02
3.962e-07	9.635e-01	8.858e-04	3.560e-02
3.967e-07	9.635e-01	8.858e-04	3.564e-02
3.972e-07	9.634e-01	8.857e-04	3.569e-02
3.977e-07	9.634e-01	8.857e-04	3.573e-02
3.982e-07	9.633e-01	8.857e-04	3.577e-02
3.987e-07	9.633e-01	8.856e-04	3.582e-02
3.992e-07	9.633e-01	8.856e-04	3.586e-02
3.997e-07	9.632e-01	8.855e-04	3.591e-02
4.002e-07	9.632e-01	8.855e-04	3.595e-02
4.007e-07	9.631e-01	8.855e-04	3.599e-02
4.012e-07	9.631e-01	8.854e-04	3.604e-02
4.017e-07	9.630e-01	8.854e-04	3.608e-02
4.022e-07	9.630e-01	8.853e-04	3.613e-02
4.027e-07	9.629e-01	8.853e-04	3.617e-02
4.032e-07	9.629e-01	8.853e-04	3.622e-02
4.037e-07	9.629e-01	8.852e-04	3.626e-02
4.042e-07	9.628e-01	8.852e-04	3.630e-02
4.047e-07	9.628e-01	8.851e-04	3.635e-02
4.052e-07	9.627e-01	8.851e-04	3.639e-02
4.057e-07	9.627e-01	8.851e-04	3.644e-02
4.062e-07	9.626e-01	8.850e-04	3.648e-02
4.067e-07	9.626e-01	8.850e-04	3.652e-02
4.072e-07	9.625e-01	8.849e-04	3.657e-02
4.077e-07	9.625e-01	8.849e-04	3.661e-02
4.082e-07	9.625e-01	8.848e-04	3.666e-02
4.087e-07	9.624e-01	8.848e-04	3.670e-02
4.092e-07	9.624e-01	8.848e-04	3.675e-02
4.097e-07	9.623e-01	8.847e-04	3.679e-02
4.102e-07	9.623e-01	8.847e-04	3.683e-02
4.107e-07	9.622e-01	8.846e-04	3.688e-02
4.112e-07	9.622e-01	8.846e-04	3.692e-02
4.117e-07	9.621e-01	8.846e-04	3.697e-02
4.122e-07	9.621e-01	8.845e-04	3.701e-02
4.127e-07	9.621e-01	8.845e-04	3.705e-02
4.132e-07	9.620e-01	8.844e-04	3.710e-02
4.137e-07	9.620e-01	8.844e-04	3.714e-02
4.142e-07	9.619e-01	8.844e-04	3.719e-02
4.147e-07	9.619e-01	8.843e-04	3.723e-02
4.152e-07	9.618e-01	8.843e-04	3.728e-02
4.157e-07	9.618e-01	8.842e-04	3.732e-02
4.162e-07	9.618e-01	8.842e-04	3.736e-02
4.167e-07	9.617e-01	8.842e-04	3.741e-02
4.172e-07	9.617e-01	8.841e-04	3.745e-02
4.177e-07	9.616e-01	8.841e-04	3.750e-02
4.182e-07	9.616e-01	8.840e-04	3.754e-02
4.187e-07	9.615e-01	8.840e-04	3.758e-02
4.192e-07	9.615e-01	8.840e-04	3.763e-02
4.197e-07	9.614e-01	8.839e-04	3.767e-02
4.202e-07	9.614e-01	8.839e-04	3.772e-02
4.207e-07	9.614e-01	8.838e-04	3.776e-02
4.212e-07	9.613e-01	8.838e-04	3.780e-02
4.217e-07	9.613e-01	8.838e-04	3.785e-02
4.222e-07	9.612e-01	8.837e-04	3.789e-02
4.227e-07	9.612e-01	8.837e-04	3.794e-02
4.232e-07	9.611e-01	8.836e-04	3.798e-02
4.237e-07	9.611e-01	8.836e-04	3.803e-02
4.242e-07	9.610e-01	8.836e-04	3.807e-02
4.247e-07	9.610e-01	8.835e-04	3.811e-02
4.252e-07	9.610e-01	8.835e-04	3.816e-02
4.257e-07	9.609e-01	8.834e-04	3.820e-02
4.262e-07	9.609e-01	8.834e-04	3.825e-02
4.267e-07	9.608e-01	8.834e-04	3.829e-02
4.272e-07	9.608e-01	8.833e-04	3.833e-02
4.277e-07	9.607e-01	8.833e-04	3.838e-02
4.282e-07	9.607e-01	8.832e-04	3.842e-02
4.287e-07	9.607e-01	8.832e-04	3.847e-02
4.292e-07	9.606e-01	8.831e-04	3.851e-02
4.297e-07	9.606e-01	8.831e-04	3.855e-02
4.302e-07	9.605e-01	8.831e-04	3.860e-02
4.307e-07	9.605e-01	8.830e-04	3.864e-02
4.312e-07	9.604e-01	8.830e-04	3.869e-02
4.317e-07	9.604e-01	8.829e-04	3.873e-02
4.322e-07	9.603e-01	8.829e-04	3.877e-02
4.327e-07	9.603e-01	8.829e-04	3.882e-02
4.332e-07	9.603e-01	8.828e-04	3.886e-02
4.337e-07	9.602e-01	8.828e-04	3.891e-02
4.342e-07	9.602e-01	8.827e-04	3.895e-02
4.347e-07	9.601e-01	8.827e-04	3.899e-02
4.352e-07	9.601e-01	8.827e-04	3.904e-02
4.357e-07	9.600e-01	8.826e-04	3.908e-02
4.362e-07	9.600e-01	8.826e-04	3.913e-02
4.367e-07	9.599e-01	8.825e-04	3.917e-02
4.372e-07	9.599e-01	8.825e-04	3.922e-02
4.377e-07	9.599e-01	8.825e-04	3.926e-02
4.382e-07	9.598e-01	8.824e-04	3.930e-02
4.387e-07	9.598e-01	8.824e-04	3.935e-02
4.392e-07	9.597e-01	8.823e-04	3.939e-02
4.397e-07	9.597e-01	8.823e-04	3.944e-02
4.402e-07	9.596e-01	8.823e-04	3.948e-02
4.407e-07	9.596e-01	8.822e-04	3.952e-02
4.412e-07	9.596e-01	8.822e-04	3.957e-02
4.417e-07	9.595e-01	8.821e-04	3.961e-02
4.422e-07	9.595e-01	8.821e-04	3.966e-02
4.427e-07	9.594e-01	8.821e-04	3.970e-02
4.432e-07	9.594e-01	8.820e-04	3.974e-02
4.437e-07	9.593e-01	8.820e-04	3.979e-02
4.442e-07	9.593e-01	8.819e-04	3.983e-02
4.447e-07	9.592e-01	8.819e-04	3.988e-02
4.452e-07	9.592e-01	8.819e-04	3.992e-02
4.457e-07	9.592e-01	8.818e-04	3.996e-02
4.462e-07	9.591e-01	8.818e-04	4.001e-02
4.467e-07	9.591e-01	8.817e-04	4.005e-02
4.472e-07	9.590e-01	8.817e-04	4.010e-02
4.477e-07	9.590e-01	8.817e-04	4.014e-02
4.482e-07	9.589e-01	8.816e-04	4.018e-02
4.487e-07	9.589e-01	8.816e-04	4.023e-02
4.492e-07	9.588e-01	8.815e-04	4.027e-02
4.497e-07	9.588e-01	8.815e-04	4.032e-02
4.502e-07	9.588e-01	8.814e-04	4.036e-02
4.507e-07	9.587e-01	8.814e-04	4.040e-02
4.512e-07	9.587e-01	8.814e-04	4.045e-02
4.517e-07	9.586e-01	8.813e-04	4.049e-02
4.522e-07	9.586e-01	8.813e-04	4.054e-02
4.527e-07	9.585e-01	8.812e-04	4.058e-02
4.532e-07	9.585e-01	8.812e-04	4.062e-02
4.537e-07	9.585e-01	8.812e-04	4.067e-02
4.542e-07	9.584e-01	8.811e-04	4.071e-02
4.547e-07	9.584e-01	8.811e-04	4.076e-02
4.552e-07	9.583e-01	8.810e-04	4.080e-02
4.557e-07	9.583e-01	8.810e-04	4.084e-02
4.562e-07	9.582e-01	8.810e-04	4.089e-02
4.567e-07	9.582e-01	8.809e-04	4.093e-02
4.572e-07	9.581e-01	8.809e-04	4.097e-02
4.577e-07	9.581e-01	8.808e-04	4.102e-02
4.582e-07	9.581e-01	8.808e-04	4.106e-02
4.587e-07	9.580e-01	8.808e-04	4.111e-02
4.592e-07	9.580e-01	8.807e-04	4.115e-02
4.597e-07	9.579e-01	8.807e-04	4.119e-02
4.602e-07	9.579e-01	8.806e-04	4.124e-02
4.607e-07	9.578e-01	8.806e-04	4.128e-02
4.612e-07	9.578e-01	8.806e-04	4.133e-02
4.617e-07	9.577e-01	8.805e-04	4.137e-02
4.622e-07	9.577e-01	8.805e-04	4.141e-02
4.627e-07	9.577e-01	8.804e-04	4.146e-02
4.632e-07	9.576e-01	8.804e-04	4.150e-02
4.637e-07	9.576e-01	8.804e-04	4.155e-02
4.642e-07	9.575e-01	8.803e-04	4.159e-02
4.647e-07	9.575e-01	8.803e-04	4.163e-02
4.652e-07	9.574e-01	8.802e-04	4.168e-02
4.657e-07	9.574e-01	8.802e-04	4.172e-02
4.662e-07	9.574e-01	8.802e-04	4.177e-02
4.667e-07	9.573e-01	8.801e-04	4.181e-02
4.672e-07	9.573e-01	8.801e-04	4.185e-02
4.677e-07	9.572e-01	8.800e-04	4.190e-02
4.682e-07	9.572e-01	8.800e-04	4.194e-02
4.687e-07	9.571e-01	8.800e-04	4.199e-02
4.692e-07	9.571e-01	8.799e-04	4.203e-02
4.697e-07	9.570e-01	8.799e-04	4.207e-02
4.702e-07	9.570e-01	8.798e-04	4.212e-02
4.707e-07	9.570e-01	8.798e-04	4.216e-02
4.712e-07	9.569e-01	8.798e-04	4.220e-02
4.717e-07	9.569e-01	8.797e-04	4.225e-02
4.722e-07	9.568e-01	8.797e-04	4.229e-02
4.727e-07	9.568e-01	8.796e-04	4.234e-02
4.732e-07	9.567e-01	8.796e-04	4.238e-02
4.737e-07	9.567e-01	8.796e-04	4.242e-02
4.742e-07	9.567e-01	8.795e-04	4.247e-02
4.747e-07	9.566e-01	8.795e-04	4.251e-02
4.752e-07	9.566e-01	8.794e-04	4.256e-02
4.757e-07	9.565e-01	8.794e-04	4.260e-02
4.762e-07	9.565e-01	8.794e-04	4.264e-02
4.767e-07	9.564e-01	8.793e-04	4.269e-02
4.772e-07	9.564e-01	8.793e-04	4.273e-02
4.777e-07	9.563e-01	8.792e-04	4.277e-02
4.782e-07	9.563e-01	8.792e-04	4.282e-02
4.787e-07	9.563e-01	8.792e-04	4.286e-02
4.792e-07	9.562e-01	8.791e-04	4.291e-02
4.797e-07	9.562e-01	8.791e-04	4.295e-02
4.802e-07	9.561e-01	8.790e-04	4.299e-02
4.807e-07	9.561e-01	8.790e-04	4.304e-02
4.812e-07	9.560e-01	8.789e-04	4.308e-02
4.817e-07	9.560e-01	8.789e-04	4.313e-02
4.822e-07	9.560e-01	8.789e-04	4.317e-02
4.827e-07	9.559e-01	8.788e-04	4.321e-02
4.832e-07	9.559e-01	8.788e-04	4.326e-02
4.837e-07	9.558e-01	8.787e-04	4.330e-02
4.842e-07	9.558e-01	8.787e-04	4.334e-02
4.847e-07	9.557e-01	8.787e-04	4.339e-02
4.852e-07	9.557e-01	8.786e-04	4.343e-02
4.857e-07	9.556e-01	8.786e-04	4.348e-02
4.862e-07	9.556e-01	8.785e-04	4.352e-02
4.867e-07	9.556e-01	8.785e-04	4.356e-02
4.872e-07	9.555e-01	8.785e-04	4.361e-02
4.877e-07	9.555e-01	8.784e-04	4.365e-02
4.882e-07	9.554e-01	8.784e-04	4.370e-02
4.887e-07	9.554e-01	8.783e-04	4.374e-02
4.892e-07	9.553e-01	8.783e-04	4.378e-02
4.897e-07	9.553e-01	8.783e-04	4.383e-02
4.902e-07	9.553e-01	8.782e-04	4.387e-02
4.907e-07	9.552e-01	8.782e-04	4.391e-02
4.912e-07	9.552e-01	8.781e-04	4.396e-02
4.917e-07	9.551e-01	8.781e-04	4.400e-02
4.922e-07	9.551e-01	8.781e-04	4.405e-02
4.927e-07	9.550e-01	8.780e-04	4.409e-02
4.932e-07	9.550e-01	8.780e-04	4.413e-02
4.937e-07	9.549e-01	8.779e-04	4.418e-02
4.942e-07	9.549e-01	8.779e-04	4.422e-02
4.947e-07	9.549e-01	8.779e-04	4.426e-02
4.952e-07	9.548e-01	8.778e-04	4.431e-02
4.957e-07	9.548e-01	8.778e-04	4.435e-02
4.962e-07	9.547e-01	8.777e-04	4.440e-02
4.967e-07	9.547e-01	8.777e-04	4.444e-02
4.972e-07	9.546e-01	8.777e-04	4.448e-02
4.977e-07	9.546e-01	8.776e-04	4.453e-02
4.982e-07	9.546e-01	8.776e-04	4.457e-02
